-2.045297164745e-07
-0.000000000000e+00
-4.541472009002e-23
0.000000000000e+00
5.636964643094e-11
-0.000000000000e+00
-2.045310291959e-07
-0.000000000000e+00
1.065843477963e-08
-0.000000000000e+00
5.636964643094e-11
-0.000000000000e+00
-2.045535770545e-07
0.000000000000e+00
1.073071492446e-08
-0.000000000000e+00
5.636964643094e-11
-0.000000000000e+00
-2.045535770545e-07
-6.113231490844e-51
1.073071492446e-08
-1.361329364114e-10
1.744168203096e-03
-1.658290151065e-10
-2.430916003153e-04
-3.915498025564e-07
4.175372816666e-04
2.402532963699e-03
-2.779724085332e-05
1.191973985049e-03
2.841581134030e-05
6.948596198218e-06
2.605425990380e-06
-1.193006454334e-03
-2.813804112824e-05
2.354421217186e-03
-1.392744135551e-04
-7.189969520871e-07
4.634060298922e-04
1.065308347143e-03
1.698741995985e-06
5.872214232663e-04
-2.921035977121e-05
7.095711468329e-06
-9.427324557347e-06
-4.558187526631e-04
2.965238401635e-05
1.101267529681e-03
-1.228062118583e-04
-1.009726843118e-06
4.706078231242e-04
-5.204194243175e-04
2.558441010313e-05
-2.202490549702e-04
9.823199057389e-06
1.422142257924e-05
-1.952114143626e-06
2.331713572175e-04
-8.199622816834e-06
-4.970709410664e-04
-6.554607478666e-05
-1.093893426947e-06
4.793729398432e-04
2.326954655033e-03
-4.572892563509e-05
1.140569694119e-03
3.053578752812e-05
6.957076560308e-06
-1.573561950766e-05
-1.174232661856e-03
-1.324003007515e-05
2.293136663319e-03
4.250528433998e-05
-1.842455204576e-06
4.819898576950e-04
1.023421686520e-03
-1.108692850057e-05
5.337002265361e-04
8.045439427328e-06
7.176464262672e-06
-5.429614327115e-06
-4.175890365869e-04
-5.389254654500e-06
9.563420146374e-04
5.846500270471e-05
-2.297385582577e-06
4.825200103831e-04
-4.800403116111e-04
-1.736382807788e-05
-1.988189350000e-04
6.480163967493e-05
1.421764166893e-05
-1.667552889478e-05
2.193774104965e-04
-6.907896316269e-05
-4.697359318488e-04
1.218798512712e-04
-2.190117887570e-06
4.666653865485e-04
2.499311895834e-03
-4.772793752500e-05
1.231573088511e-03
2.598943788947e-05
7.191294610701e-06
-2.267280128437e-05
-1.280593348345e-03
-9.666977659068e-06
2.501868442962e-03
2.377735301409e-04
-2.898311323857e-06
4.215913174354e-04
1.346899943369e-03
1.087974354562e-04
6.426113873790e-04
-1.407416677585e-04
6.136766344233e-06
5.463689440548e-05
-5.997330351297e-04
1.044685776898e-04
1.219208495802e-03
2.601769447520e-04
-4.597747914887e-06
4.117201563552e-04
-5.041712046372e-04
1.822716277786e-04
-2.212097384917e-04
-1.737051917533e-04
1.229939377840e-05
6.863880021654e-05
2.513638038294e-04
1.237575377451e-04
-5.284661473807e-04
2.905116492977e-04
-7.526586163152e-06
3.899937824228e-04
1.677273464157e-03
-8.150959439766e-05
8.211244360383e-04
7.841508328239e-06
5.102309561644e-06
-9.613107907627e-05
-8.594056172164e-04
8.657030150393e-05
1.710036178043e-03
3.358559152316e-04
-1.045148454975e-05
3.471003026786e-04
2.930366462200e-04
-5.954458649418e-04
8.121025638183e-05
3.780120669871e-04
4.699357825384e-06
-4.458856608560e-04
-1.497143468740e-04
-1.518469547601e-04
2.243270980807e-04
3.414493433903e-04
-8.400061748258e-06
3.417004873652e-04
2.229594315322e-05
-8.667082136966e-04
6.455795311007e-05
5.138725345110e-04
9.770524596860e-06
-6.169620716990e-04
-1.818023812044e-05
-2.438110461552e-04
4.999696605215e-05
4.030780802339e-04
-2.892414119670e-07
2.347564685165e-04
3.696426023286e-03
-3.430400294311e-05
1.908542404633e-03
1.282565559638e-04
1.686370720115e-06
6.384877629728e-05
-1.893141565664e-03
-1.901993857236e-04
3.741904503173e-03
4.844646556007e-04
7.251263810198e-06
4.945559170651e-05
2.370374155097e-03
1.319048460901e-03
1.095004117746e-03
-3.435444572827e-04
-7.249568044416e-06
1.187518676811e-03
-1.230979798176e-03
-2.459148981583e-04
2.304636425433e-03
4.943018378759e-04
6.250491209944e-06
2.177374609252e-05
-1.412982991068e-03
1.282887583226e-03
-7.452291181409e-04
-2.923674130612e-04
-4.499951094308e-06
1.147099458517e-03
6.539807162493e-04
-2.630591343663e-04
-1.416103810283e-03
4.866786517476e-04
-3.760614243076e-06
9.944437291866e-05
-8.635157685383e-04
-1.019907281639e-04
-3.201507626718e-04
-1.734224868960e-04
4.693953157933e-06
-2.195617348893e-04
3.750564780074e-04
2.875027992623e-04
-8.917729465705e-04
4.798787729697e-04
-1.144428635852e-05
-8.619183440518e-07
4.012398584894e-03
-1.347033263380e-03
1.827981339307e-03
-2.286268156795e-04
-7.777370127440e-06
-1.469030326131e-03
-1.758587515455e-03
9.290937204992e-04
4.021171322010e-03
4.668880875722e-04
-1.289096522059e-05
-1.103336637437e-04
-5.917941194819e-04
-1.151305749873e-03
-3.974580419460e-04
-1.942741180609e-04
-7.650064923057e-06
-1.310506147855e-03
2.943090694691e-04
8.242219738160e-04
-6.246908539458e-04
4.652531283056e-04
-8.784142647918e-06
-1.193549903272e-04
8.241752015113e-04
-1.309207914860e-04
4.683859153004e-04
5.878119613639e-05
4.045223750044e-06
-1.251576667995e-04
-4.377124378333e-04
-8.074907441612e-05
8.000472636623e-04
4.424648561962e-04
-3.734556256718e-06
-1.818604852060e-04
1.165768050864e-03
3.290423421067e-04
6.023450861855e-04
2.711328893385e-04
3.090750109153e-06
4.437246568912e-04
-5.921644594747e-04
-4.964802243973e-04
1.241773441169e-03
4.233583262290e-04
-2.721378061849e-06
-2.180822575367e-04
8.257237378137e-05
1.346813446315e-04
5.542756022488e-05
1.581253466495e-04
1.146189022415e-05
2.389263705456e-04
-4.945019429317e-05
-2.591719757216e-04
9.951399428977e-05
3.735277389416e-04
-3.489308648716e-06
-2.831881034665e-04
2.484861320730e-03
3.327053459557e-05
1.216097752374e-03
-4.758304963587e-05
7.528156556823e-06
-9.165328669773e-06
-1.183639048650e-03
7.725181471545e-05
2.455206312306e-03
2.948693412496e-04
-4.810380523917e-06
-3.647434727602e-04
9.384106520186e-04
-2.312351942413e-05
5.122372766533e-04
-8.104688079715e-05
8.610007113833e-06
-6.682758178687e-05
-4.447713629501e-04
1.170445881782e-04
1.058812421732e-03
2.867279122265e-04
-4.770422194494e-06
-3.746779996855e-04
-6.013913303788e-04
-5.933497804355e-05
-2.697561285315e-04
-8.987379390909e-05
1.540075718852e-05
-7.401312637068e-05
2.574889604837e-04
1.054054237447e-04
-5.717805793995e-04
2.368751576269e-04
-3.591437788583e-06
-4.054480271354e-04
2.423488927249e-03
8.757166467999e-06
1.215080360809e-03
-4.212671844939e-05
8.690302259290e-06
-2.628490839308e-05
-1.214211194943e-03
4.613928456395e-05
2.378739755331e-03
1.278595893138e-04
-3.081901565538e-06
-4.540116889030e-04
1.211740669440e-03
-1.431020670649e-05
6.657739999423e-04
4.190789895689e-05
9.074801205179e-06
2.567356668708e-07
-5.202119192751e-04
-4.148813770844e-05
1.247290923673e-03
1.119176354449e-04
-2.574097110589e-06
-4.616080753513e-04
-6.795148083555e-04
-4.188988554268e-05
-2.886547900972e-04
-5.634541125011e-06
1.617270754392e-05
-1.166121165110e-05
3.160974124853e-04
1.138141738538e-05
-6.573494841645e-04
6.326306441137e-05
-1.812009915840e-06
-4.696740574684e-04
2.225949845166e-03
3.593138970076e-05
1.091948363123e-03
-3.917930005450e-05
8.970962041151e-06
1.347488386262e-06
-1.125654367361e-03
2.975375464903e-05
2.193883885996e-03
-4.733680018539e-05
-1.827477374618e-06
-4.725253007446e-04
1.196225358776e-03
-3.744947802696e-06
6.221034021711e-04
5.970749495825e-06
9.491803484430e-06
-7.493964053012e-06
-4.999586488301e-04
-2.770333934369e-06
1.124109135482e-03
-6.684598367464e-05
-1.619108059530e-06
-4.730885712748e-04
-5.424701471118e-04
-1.727536756910e-05
-2.254484680987e-04
-2.941011506548e-05
1.610779751179e-05
-7.094079219581e-07
2.581006152226e-04
4.036069173102e-05
-5.426850948215e-04
-1.222119433211e-04
-1.032132191623e-06
-4.599362173041e-04
2.313195470296e-03
4.194967276539e-05
1.138616457486e-03
-3.061254469707e-05
8.564959683798e-06
1.671757083651e-05
-1.184451850257e-03
7.976726079648e-06
2.312154942928e-03
-2.285417351934e-04
-1.185354316914e-06
-4.190355220692e-04
1.227148242526e-03
-1.229534281053e-05
5.767249148323e-04
1.333278758291e-05
8.985939549239e-06
-1.126167000300e-05
-5.413168160461e-04
-9.796727795345e-06
1.088503227291e-03
-2.459074030624e-04
-1.154848698114e-06
-4.125202738009e-04
-5.577625263247e-04
-3.160376046718e-06
-2.432381024164e-04
-2.130380795272e-05
1.561587772278e-05
1.026807436483e-05
2.663899615089e-04
3.889369375258e-05
-5.792105525656e-04
-2.905819091545e-04
-7.490231471220e-07
-3.801408224703e-04
2.269888410745e-03
4.113003663965e-05
1.130844526202e-03
-1.877586032201e-05
8.186815890768e-06
2.798613106979e-05
-1.164044791955e-03
-1.252863416435e-05
2.303133668394e-03
-3.717858281369e-04
-1.031143338728e-06
-3.028761891445e-04
1.190217092157e-03
-1.145923419234e-05
5.096854750397e-04
7.390554672254e-06
8.466409344618e-06
-1.209693948947e-05
-5.810379706570e-04
-4.979737237904e-06
1.070171606520e-03
-3.854218836452e-04
-1.091256140633e-06
-2.898996105798e-04
-5.163873885239e-04
1.716933789278e-05
-2.352506294291e-04
-1.710586951208e-05
1.527305217792e-05
2.202176340060e-05
2.386740976515e-04
3.615890313825e-05
-5.455384739238e-04
-4.153560472345e-04
-7.390364101495e-07
-2.408880659937e-04
2.293222395225e-03
3.210762371224e-05
1.162207675323e-03
-5.428719179002e-06
7.761973627327e-06
3.260975004983e-05
-1.162831468854e-03
-2.835622502889e-05
2.341839590458e-03
-4.608915552006e-04
-1.036709171648e-06
-1.380766330391e-04
1.128488461323e-03
-1.521227650874e-05
4.685898990502e-04
3.121712298339e-06
7.913838231279e-06
-1.646128434689e-05
-6.026461952392e-04
5.468352766361e-07
1.094557082083e-03
-4.683230357137e-04
-1.102340881902e-06
-1.212617235744e-04
-5.129065830851e-04
2.862073076715e-05
-2.420103092096e-04
-7.068859003383e-06
1.480060214058e-05
2.566682598732e-05
2.264305336946e-04
2.697711329527e-05
-5.364808747833e-04
-4.772036830615e-04
-7.390610251845e-07
-6.394262584761e-05
2.311574916233e-03
1.851720763338e-05
1.184603726205e-03
6.823194292290e-06
7.393188082520e-06
3.147122908746e-05
-1.150493394279e-03
-3.750018787010e-05
2.344962678991e-03
-4.798810102449e-04
-9.988179097668e-07
4.818256114876e-05
1.057760191973e-03
-1.304163648644e-05
4.670274791336e-04
-4.124409306781e-06
7.623555767861e-06
-1.622261618616e-05
-5.849699976447e-04
7.115329632564e-06
1.127329078344e-03
-4.802701237356e-04
-1.028905468625e-06
6.629901197005e-05
-5.097124646760e-04
3.665390519868e-05
-2.420783736260e-04
2.684833577322e-06
1.447260618469e-05
2.603275076054e-05
2.156916625862e-04
1.463655149387e-05
-5.171306423217e-04
-4.662194821729e-04
-6.305787216523e-07
1.235706516250e-04
2.346423387779e-03
2.426913746221e-06
1.200076924669e-03
1.736622587657e-05
7.116759196766e-06
2.529328174017e-05
-1.152286948607e-03
-4.001157153949e-05
2.345487379552e-03
-4.256915171534e-04
-8.419383885458e-07
2.283245411728e-04
1.014439483943e-03
-9.454878915276e-06
5.025050222988e-04
-1.142673035837e-05
7.326746075077e-06
-1.465407312333e-05
-5.370386260635e-04
1.350775154778e-05
1.146149665848e-03
-4.191983595233e-04
-8.468777573241e-07
2.449714358580e-04
-5.146846043452e-04
3.832923743365e-05
-2.385792605536e-04
1.102082906209e-05
1.428216580188e-05
2.123633681883e-05
2.146404779297e-04
1.672190310448e-06
-5.025900632371e-04
-3.840386087729e-04
-4.503497003175e-07
2.927735491758e-04
2.369643022447e-03
-1.372203360616e-05
1.195787078011e-03
2.484583197517e-05
6.942174704998e-06
1.516320327529e-05
-1.162531877016e-03
-3.641198384676e-05
2.335043535534e-03
-3.067746991625e-04
-6.674253176683e-07
3.737526945480e-04
1.003642761107e-03
-3.798696559525e-06
5.449784221074e-04
-1.657076339907e-05
7.156844788763e-06
-9.994404531365e-06
-4.769208638005e-04
1.706652625754e-05
1.121111285727e-03
-2.947501992006e-04
-7.136770529502e-07
3.863493942460e-04
-5.166541791339e-04
3.519160651506e-05
-2.287523901121e-04
1.942654586520e-05
1.423991867957e-05
1.500488859661e-05
2.198600667761e-04
-1.417606566828e-05
-4.921939364138e-04
-2.421314913678e-04
1.744628217738e-07
4.175572956052e-04
2.413366459187e-03
4.436446435799e-06
1.195267746345e-03
2.045640746576e-07
6.111630400291e-06
4.170021267237e-06
-1.199306522117e-03
-3.185446367004e-06
2.364692780416e-03
-1.400150845433e-04
-1.941526679805e-08
4.628512317204e-04
1.027963448364e-03
-2.091078773193e-06
5.697647451442e-04
-4.405612953315e-06
9.365520797370e-06
-3.894326317323e-06
-4.335083128268e-04
9.126966527070e-07
1.057986135822e-03
-1.235762222385e-04
-1.958300615328e-07
4.700003329166e-04
-4.960647236654e-04
1.636404001371e-06
-2.136442191577e-04
-1.786155127094e-05
8.373914088745e-06
-1.283026629267e-05
2.197744945229e-04
2.821162304298e-05
-4.759681761245e-04
-6.438019324930e-05
-5.325820736521e-07
4.784547076602e-04
2.369443616407e-03
-6.408258554345e-06
1.160177520824e-03
4.994824713143e-06
6.002858004842e-06
-3.144654050429e-06
-1.197332008576e-03
-2.863031069618e-06
2.337764127557e-03
4.449671308621e-05
-1.156126004838e-06
4.811484564182e-04
1.030358610933e-03
-2.434287503108e-05
5.351032961147e-04
2.821674309859e-05
9.068833381215e-06
-9.316621860945e-06
-4.194612942758e-04
-2.536039176919e-05
9.577149806302e-04
6.177916582792e-05
-1.500849297660e-06
4.814325577838e-04
-4.629261046815e-04
-2.125388315554e-05
-1.941162434062e-04
2.866600097393e-05
8.027700718354e-06
-1.447086689269e-05
2.105270681334e-04
-2.022643568882e-05
-4.501036908326e-04
1.228507323808e-04
-1.641621402258e-06
4.656706206200e-04
2.419576524764e-03
-7.033502269559e-06
1.190647573576e-03
6.185948033639e-06
5.854394996191e-06
-1.008699132226e-06
-1.239383228349e-03
-1.443972815076e-05
2.423999657723e-03
2.282371963434e-04
-2.272783181439e-06
4.249825697159e-04
1.116331714255e-03
7.893258023195e-05
5.192599725572e-04
-1.088303882091e-04
8.537023860408e-06
4.036377329108e-05
-4.920691414213e-04
7.769358565440e-05
9.827921556410e-04
2.452446252101e-04
-3.886705792593e-06
4.180401253289e-04
-4.730402015064e-04
1.866892646315e-04
-2.030919324659e-04
-1.918506559765e-04
7.363054986749e-06
8.142757150137e-05
2.221801654186e-04
1.603810853802e-04
-4.762095822504e-04
2.906994777481e-04
-7.013735337947e-06
3.836584990410e-04
2.238791798959e-03
-4.646010547440e-05
1.109523931066e-03
3.386340845306e-06
5.539221457752e-06
-6.294958649622e-05
-1.139945265754e-03
6.364109310608e-05
2.279683130884e-03
3.661655582727e-04
-9.961905012259e-06
3.111390540562e-04
1.012744981732e-03
-5.949266486752e-04
4.278021791521e-04
3.751810645291e-04
7.389935711836e-06
-4.408511789959e-04
-4.833225147771e-04
-1.350946932478e-04
9.067901082205e-04
3.811276568258e-04
-7.870052044496e-06
2.949093496549e-04
-2.681554350530e-04
-8.088147007854e-04
-1.131669108640e-04
4.808577747225e-04
6.539619075135e-06
-5.655689098467e-04
1.249565212665e-04
-2.079208760677e-04
-2.827887508277e-04
4.133271188380e-04
-8.421384432987e-08
2.405827455660e-04
2.209151307754e-03
-2.051491787945e-05
1.142770700714e-03
1.333097682959e-04
2.995802353772e-06
7.410746674934e-05
-1.139631124447e-03
-2.166048791926e-04
2.257146986713e-03
4.607656111138e-04
7.325189267910e-06
1.352259389992e-04
1.301785314075e-03
1.089518640507e-03
5.978804212514e-04
-2.583326787681e-04
4.099006179006e-06
9.798621163012e-04
-7.151471496208e-04
-2.361511563976e-04
1.293901219375e-03
4.712923067599e-04
6.406396878972e-06
1.064462285219e-04
-3.498315449914e-04
1.114461050622e-03
-1.980838395348e-04
-2.720779794293e-04
4.833917623388e-06
9.739684842849e-04
1.526127379440e-04
-1.734737801812e-04
-3.786972484771e-04
4.726141463217e-04
-3.252876029039e-06
8.529161911110e-05
1.100636823492e-03
-4.719392603343e-05
4.792959155573e-04
-1.745921530817e-04
4.501666509906e-06
-1.599375170241e-04
-4.523154257782e-04
2.758573014396e-04
1.074609997147e-03
4.620180180897e-04
-1.148963254896e-05
-1.124827623320e-04
5.038823359374e-03
-1.236104512759e-03
2.246115879979e-03
-2.190949268778e-04
5.986079418581e-06
-1.320849604736e-03
-2.251194797751e-03
8.061024004661e-04
5.056637259408e-03
4.517914931730e-04
-1.310041263511e-05
-2.089710210660e-04
-2.007860071803e-03
-1.034103359782e-03
-1.126327821958e-03
-1.823699989466e-04
3.373496092975e-06
-1.165161955926e-03
1.070281365672e-03
7.566506494418e-04
-1.965530133454e-03
4.708875118377e-04
-8.399141239883e-06
-1.269053126914e-04
-4.839079200251e-04
-1.102554885965e-04
-2.249911829677e-04
7.795072287597e-05
4.097278263988e-06
-8.023292494355e-05
2.797857110100e-04
-1.210348485628e-04
-5.214297811175e-04
4.641212723437e-04
-3.201532594533e-06
-1.470809388824e-04
1.128360506613e-03
3.067446492722e-04
5.822211687952e-04
2.715113199685e-04
7.841388866503e-06
4.346562424514e-04
-5.857178200133e-04
-5.022778259227e-04
1.162480612233e-03
4.364821934193e-04
-1.914749695931e-06
-1.977732115786e-04
6.066725584920e-04
1.651956100769e-04
2.873158517892e-04
1.636843710759e-04
9.409361836337e-06
2.635090456462e-04
-3.083448472566e-04
-2.663078464872e-04
6.366924220206e-04
3.703975269715e-04
-2.845698885378e-06
-2.833823546902e-04
2.749443750558e-03
1.574291419670e-05
1.347034158664e-03
-2.903847907734e-05
7.902385209262e-06
-2.660879815965e-07
-1.313993585603e-03
4.788241167314e-05
2.727059220764e-03
2.864848555748e-04
-4.002877182808e-06
-3.709194772777e-04
9.330338542649e-04
-3.099215094465e-05
5.197250128192e-04
-1.126646225880e-04
1.112551490284e-05
-8.417357344047e-05
-4.353987863053e-04
1.566734506606e-04
1.062065717314e-03
2.806519713094e-04
-3.849990578044e-06
-3.794334698252e-04
-6.925834228994e-04
-2.140756890974e-05
-3.137260423250e-04
-7.143981756337e-05
1.010194443899e-05
-5.080808131331e-05
3.069699053797e-04
8.189972862178e-05
-6.707412868295e-04
2.352365541841e-04
-2.888573422576e-06
-4.070867889594e-04
2.368843015173e-03
-2.276699734068e-05
1.184175967877e-03
-5.924687220337e-06
7.699895482621e-06
-2.198102575428e-05
-1.187807738301e-03
1.180486356921e-05
2.322182174112e-03
1.298094267881e-04
-2.232995918446e-06
-4.542099095003e-04
1.176328587151e-03
-1.474513499998e-05
6.497047034225e-04
2.141547238457e-05
1.118633858538e-05
-4.996943153644e-06
-5.009290824832e-04
-1.603717064692e-05
1.207335017335e-03
1.130023518621e-04
-1.603124398373e-06
-4.620368788721e-04
-6.315314107513e-04
-1.480128054076e-05
-2.694046960121e-04
2.226782727472e-05
1.034820708560e-05
4.416299778175e-07
2.917992733906e-04
-2.540741992203e-05
-6.109973863416e-04
6.178437800526e-05
-1.105489809142e-06
-4.698815659291e-04
2.261112497881e-03
-5.047834257669e-06
1.107618569484e-03
-6.313355675766e-06
7.717719290530e-06
-1.047779392328e-05
-1.144114399932e-03
1.210604029145e-05
2.230982120210e-03
-4.809730844756e-05
-9.664193508119e-07
-4.728016546188e-04
1.166446030246e-03
4.520754745133e-06
6.051940120383e-04
-1.167441914387e-05
1.117912927306e-05
-5.314579009907e-06
-4.833414407250e-04
1.715591622176e-05
1.086669002508e-03
-6.740137918175e-05
-6.558001337725e-07
-4.733751017497e-04
-5.314486093893e-04
-1.092112610109e-05
-2.237770693206e-04
5.390722886602e-06
1.023280203413e-05
-2.531567203216e-06
2.502048652765e-04
-7.269802477560e-06
-5.298973770425e-04
-1.233446904935e-04
-3.522609549285e-07
-4.595054334526e-04
2.330703390543e-03
-1.949031749877e-06
1.147232206154e-03
-6.634981538659e-06
7.428466013619e-06
-6.515253871227e-06
-1.193584595026e-03
8.853680906421e-06
2.333364320331e-03
-2.286919416396e-04
-3.552646659546e-07
-4.190997363382e-04
1.200701866544e-03
7.799334823986e-06
5.600603146074e-04
-6.813826304364e-06
1.088976698313e-05
-7.124144175553e-07
-5.294157338871e-04
8.341583544151e-06
1.056746551156e-03
-2.461478423114e-04
-2.192223218280e-07
-4.125521044243e-04
-5.445611591210e-04
-1.303090056036e-05
-2.379750753728e-04
7.447896077493e-06
9.954848053809e-06
-3.485120965472e-06
2.581737996518e-04
-6.246486823015e-06
-5.613905407407e-04
-2.912609670998e-04
-9.272956145849e-08
-3.792062707229e-04
2.289995905124e-03
1.967624505699e-06
1.142075932402e-03
-6.715484652002e-06
7.189790234066e-06
-2.011939211381e-06
-1.172764609713e-03
5.914234051361e-06
2.325584698219e-03
-3.719937882078e-04
-2.301784823964e-07
-3.025843041367e-04
1.167992762932e-03
1.440308087720e-05
4.951085269729e-04
-7.156094652055e-06
1.063995667394e-05
5.777975683329e-06
-5.734217489718e-04
3.608552748276e-06
1.046631541635e-03
-3.857555000129e-04
-1.869635608548e-07
-2.895147356938e-04
-5.082146882688e-04
-9.908373286111e-06
-2.304969713020e-04
4.302812923835e-06
9.648841093909e-06
-2.222561902236e-06
2.346717643565e-04
-1.274127215496e-06
-5.326585895691e-04
-4.155754447274e-04
-1.076114815724e-07
-2.397481547426e-04
2.310068330896e-03
3.970437412096e-06
1.171732228038e-03
-7.285138299613e-06
6.911420618943e-06
9.437773343752e-07
-1.168290472165e-03
4.523954530917e-06
2.356930278306e-03
-4.609235684460e-04
-2.635829561079e-07
-1.377979288848e-04
1.105882802062e-03
1.496100620358e-05
4.555280817548e-04
-4.222411035610e-06
1.036381379052e-05
8.517604920687e-06
-5.958368984704e-04
-2.475504154440e-06
1.075323146704e-03
-4.684770380524e-04
-2.226250525069e-07
-1.207818256392e-04
-5.040753659421e-04
-8.336324274006e-06
-2.358912481105e-04
3.138522849000e-06
9.383920582713e-06
-2.571040673605e-06
2.236442069863e-04
2.429664026058e-06
-5.244053077019e-04
-4.769918648610e-04
-1.293886001659e-07
-6.281401739577e-05
2.329560570127e-03
5.511896867485e-06
1.193703142619e-03
-5.724182625661e-06
6.661291415724e-06
3.933273967286e-06
-1.157433217441e-03
2.813324165332e-06
2.360685189424e-03
-4.798360138539e-04
-2.535750571728e-07
4.847222880557e-05
1.033806589291e-03
1.354595056527e-05
4.564413525537e-04
-7.926744300874e-07
1.006958163073e-05
9.831908742128e-06
-5.763022198868e-04
-7.682234300436e-06
1.110709821879e-03
-4.802673607432e-04
-1.727254428286e-07
6.679896139394e-05
-5.005421934309e-04
-6.064837652034e-06
-2.357206147390e-04
1.572804953612e-06
9.122836980718e-06
-3.190621231242e-06
2.142848359482e-04
5.821713037796e-06
-5.077399921819e-04
-4.656493538249e-04
-3.982108016115e-08
1.244862727479e-04
2.365145277029e-03
6.595175971316e-06
1.208594432913e-03
-4.164294818779e-06
6.434659755343e-06
5.537683547450e-06
-1.160376369107e-03
1.289866409866e-06
2.361346895134e-03
-4.256254311524e-04
-1.179698457953e-07
2.284742510875e-04
9.892006080614e-04
9.113227411736e-06
4.941479967856e-04
2.145191308416e-06
9.817230531465e-06
8.116742806881e-06
-5.244068069214e-04
-1.055273461279e-05
1.127455580690e-03
-4.190925428232e-04
-1.019735325035e-08
2.453050309896e-04
-5.024965814810e-04
-3.971315725506e-06
-2.324037831699e-04
-5.773270775020e-07
8.862726384180e-06
-4.844519305443e-06
2.122205887719e-04
9.228988313330e-06
-4.941702421754e-04
-3.832051832653e-04
1.249766285115e-07
2.933096197893e-04
2.388993219437e-03
6.372858980558e-06
1.203692276058e-03
-2.083215748050e-06
6.247928198353e-06
5.795475919724e-06
-1.172125363888e-03
-6.997241779310e-07
2.351950399282e-03
-3.067039386302e-04
4.289983408321e-08
3.737523744736e-04
9.804039150734e-04
3.438504132361e-06
5.376980006250e-04
4.184895088861e-06
9.601351564533e-06
4.761924848159e-06
-4.621288479044e-04
-1.109280421134e-05
1.098731015885e-03
-2.944624952388e-04
1.109786804882e-07
3.865423263903e-04
-4.994544141564e-04
-1.156783793055e-06
-2.231588644253e-04
-1.958938707128e-06
8.633220106762e-06
-5.585063948797e-06
2.134226807163e-04
1.017171111413e-05
-4.805804084601e-04
-2.422529438748e-04
6.523640042531e-07
4.173597698351e-04
2.401033376224e-03
-5.235635902159e-06
1.188749238725e-03
-3.362952614731e-06
5.974822544589e-06
-9.005515223502e-06
-1.192875124655e-03
5.850586679568e-06
2.352261931611e-03
-1.411123300516e-04
7.167756463870e-07
4.621935079615e-04
1.007501420763e-03
2.243518683852e-06
5.583794468733e-04
-2.306110644377e-05
9.060605688576e-06
-1.237374747120e-05
-4.242240023553e-04
3.313799252842e-05
1.037410319102e-03
-1.247599211701e-04
4.275120063353e-07
4.692275806677e-04
-4.788877437573e-04
-3.904505037576e-06
-2.068619427173e-04
-1.178086188003e-05
8.066677465593e-06
-6.315146060410e-06
2.104431099773e-04
9.948768622207e-06
-4.586261287848e-04
-6.430496714261e-05
-7.305747943412e-08
4.777628509209e-04
2.390326645030e-03
-1.189699244529e-05
1.170140805746e-03
-3.117648684145e-06
5.622388775995e-06
-1.405337696828e-05
-1.208006939771e-03
8.952349549988e-06
2.358990307552e-03
4.596957973072e-05
-4.499800431579e-07
4.803749387860e-04
1.051782244731e-03
-8.519361315672e-06
5.441066973946e-04
8.564202998398e-06
8.615178638130e-06
-1.004915943012e-05
-4.308723087586e-04
1.998918308727e-06
9.793513494380e-04
6.443276998322e-05
-9.124576834295e-07
4.804170269001e-04
-4.462500347215e-04
-3.393857323372e-05
-1.876500390112e-04
3.764951087605e-05
7.553416505609e-06
-1.097173964667e-05
2.031131580754e-04
-3.563564996009e-05
-4.340327773803e-04
1.228894304395e-04
-1.208588453322e-06
4.653329167998e-04
2.324173232987e-03
-7.629962893059e-06
1.141199608511e-03
-4.954511982856e-06
5.078693278774e-06
-7.768408606462e-06
-1.189173724799e-03
-2.352705329044e-06
2.326350696375e-03
2.186401430978e-04
-1.584583164108e-06
4.285855241130e-04
8.945461772358e-04
1.080876215038e-04
4.138260287402e-04
-1.311989560246e-04
8.596530508721e-06
4.951568582371e-05
-3.795134297495e-04
9.895980705942e-05
7.652314324949e-04
2.299813915571e-04
-3.290691373368e-06
4.247265826069e-04
-4.641227099208e-04
1.780743654694e-04
-1.888479521777e-04
-1.900885044195e-04
8.233772289198e-06
8.544694515334e-05
2.126246473715e-04
1.555817561866e-04
-4.524437822602e-04
2.903501022223e-04
-6.585175793103e-06
3.785177707679e-04
2.793607698925e-03
-4.197154067266e-05
1.393034194062e-03
-1.226726302999e-05
5.397404499206e-06
-6.655750060716e-05
-1.420933097486e-03
7.814749703633e-05
2.841072044093e-03
3.959886967395e-04
-9.351836928217e-06
2.760171942556e-04
1.756797866289e-03
-5.798244784185e-04
7.728586075434e-04
3.684865884026e-04
7.905438725782e-06
-4.386381281348e-04
-8.612339048525e-04
-1.282497719484e-04
1.644759578009e-03
4.201923039210e-04
-7.393966423180e-06
2.491448761347e-04
-5.488987816657e-04
-8.418942697137e-04
-2.858750540074e-04
4.955693793602e-04
5.846418891780e-06
-5.805459496753e-04
2.555496690058e-04
-2.121225271057e-04
-5.964919692353e-04
4.235336032407e-04
2.496221957250e-07
2.466996668266e-04
7.227433376074e-04
-9.022334515043e-06
3.811160512691e-04
1.209656883077e-04
4.520642751672e-06
7.777792739851e-05
-3.812101095356e-04
-2.120812984381e-04
7.554377416510e-04
4.397801626427e-04
7.881575458810e-06
2.139881732914e-04
3.945626306059e-04
1.113918445941e-03
1.779776837920e-04
-2.662148950189e-04
8.675309181683e-06
9.911822819245e-04
-2.300829832696e-04
-2.413206190908e-04
3.592286788298e-04
4.496657086201e-04
6.926052163004e-06
1.830808189710e-04
6.117935092865e-04
1.071060602992e-03
3.134256515580e-04
-2.699728081619e-04
9.014235668865e-06
9.437024240987e-04
-2.893579249885e-04
-1.679837360052e-04
6.110595179399e-04
4.589275813535e-04
-2.954297175882e-06
7.325705782387e-05
2.882581824370e-03
-4.172775329793e-05
1.234896822870e-03
-1.649405772828e-04
9.056881911159e-06
-1.407488045076e-04
-1.212802811725e-03
2.662272493978e-04
2.869421509732e-03
4.452853816621e-04
-1.086221073988e-05
-2.130112877627e-04
5.981765880166e-03
-1.112422851331e-03
2.664232981568e-03
-1.992100081957e-04
8.924459105929e-06
-1.194605855782e-03
-2.701762526496e-03
7.357975506520e-04
6.047978843081e-03
4.380792955513e-04
-1.251938301369e-05
-2.975286383135e-04
-3.325378616846e-03
-9.232017197636e-04
-1.862169930680e-03
-1.589138751802e-04
7.222001967731e-06
-1.049957212225e-03
1.752321084201e-03
6.821515943564e-04
-3.275148660365e-03
4.765838517443e-04
-8.156361973918e-06
-1.330026396347e-04
-1.719616937299e-03
-1.137947810292e-04
-8.859418143274e-04
6.457186265647e-05
5.975766605393e-06
-7.319390115657e-05
9.455918699667e-04
-1.046313387680e-04
-1.780015307679e-03
4.848964352553e-04
-2.483174072200e-06
-1.137409982344e-04
1.122843445009e-03
2.810269205591e-04
5.936474084111e-04
2.497238503429e-04
1.170844048972e-05
3.990947148189e-04
-5.780075900096e-04
-4.690508452601e-04
1.120690939735e-03
4.492829293730e-04
-1.033516429203e-06
-1.776211305673e-04
1.112306793680e-03
1.544207001695e-04
5.321163692641e-04
1.570136829885e-04
1.200792097524e-05
2.395980459166e-04
-5.334279244480e-04
-2.389015696085e-04
1.145581929964e-03
3.680542382390e-04
-2.150831461323e-06
-2.828663931025e-04
3.000897368064e-03
2.965144043698e-05
1.471316384095e-03
-2.937170314435e-05
8.185904221747e-06
1.202634481274e-05
-1.435236923309e-03
4.082544115978e-05
2.989080181078e-03
2.778381013626e-04
-3.083284763998e-06
-3.771180047522e-04
9.502939968620e-04
-2.503266870048e-05
5.325332848590e-04
-1.029739564209e-04
1.177659889957e-05
-7.149543245852e-05
-4.441466661275e-04
1.306109400370e-04
1.089688112171e-03
2.746426152671e-04
-3.067267511174e-06
-3.839175433438e-04
-8.152903269883e-04
-2.467263877132e-05
-3.713823501703e-04
-7.825213069060e-05
1.066709641396e-05
-6.183008009086e-05
3.656662254571e-04
1.058506706097e-04
-7.883931204842e-04
2.349639368775e-04
-2.307921464766e-06
-4.083060475498e-04
2.287818206618e-03
-1.398047565474e-05
1.143149053147e-03
-9.455948937850e-07
7.490717855294e-06
-8.969568452747e-06
-1.147873883071e-03
1.481293893589e-06
2.240058353711e-03
1.322843339698e-04
-1.329061337879e-06
-4.542511052927e-04
1.166939704608e-03
-1.916745265942e-05
6.442969684389e-04
4.060562276616e-05
1.137423246030e-05
3.654980309247e-06
-4.981636689259e-04
-4.849987778747e-05
1.197041122340e-03
1.145633155216e-04
-8.061581778195e-07
-4.622692799857e-04
-5.917895997820e-04
-9.394244277365e-06
-2.513990692914e-04
1.683320084465e-05
1.034330787799e-05
-6.467009481585e-06
2.726550172052e-04
-7.882849387655e-06
-5.724336568241e-04
6.166002772909e-05
-5.204362980427e-07
-4.702989060949e-04
2.274353180394e-03
-5.766896038388e-07
1.113825019965e-03
3.094957473693e-06
7.393694442748e-06
-5.552723629105e-08
-1.149910914041e-03
-4.472844078387e-07
2.244053110520e-03
-4.822957394596e-05
-8.118024515098e-08
-4.731858467918e-04
1.153141795341e-03
-1.151636327714e-05
5.983522948960e-04
8.376682949753e-06
1.097060569806e-05
-4.294661354221e-06
-4.770623125879e-04
-9.873008180139e-06
1.074294367054e-03
-6.725326636049e-05
1.204642880854e-07
-4.737409461551e-04
-5.275806513885e-04
3.687704174300e-07
-2.222812463109e-04
-1.662848366404e-06
1.001209609724e-05
-6.606110806347e-06
2.477671712593e-04
6.140345400834e-06
-5.247670896094e-04
-1.233800512281e-04
2.158782439100e-07
-4.597729657615e-04
2.332591417642e-03
-2.343438341596e-06
1.147917692235e-03
5.768739731409e-06
7.237853687388e-06
-1.263106218333e-07
-1.194399172695e-03
-4.369896814284e-06
2.335463976130e-03
-2.285277608094e-04
5.081770887516e-07
-4.194094589238e-04
1.192375568091e-03
-1.623602504849e-05
5.559714965505e-04
1.096433581152e-05
1.070738209125e-05
-6.944227707300e-06
-5.253486370666e-04
-9.552904782113e-06
1.049363208447e-03
-2.458831349671e-04
5.393055238935e-07
-4.128721367048e-04
-5.399824285612e-04
2.437492318346e-06
-2.355618952750e-04
-7.842537255689e-07
9.793367758172e-06
-4.445214695860e-06
2.558677746197e-04
2.074949143363e-06
-5.557574973422e-04
-2.912342190327e-04
4.628580853280e-07
-3.793091818781e-04
2.294800649949e-03
-3.601615123147e-06
1.144419438181e-03
7.452223421231e-06
7.127772356554e-06
-5.240875231796e-07
-1.175060257415e-03
-6.016466611713e-06
2.330487034940e-03
-3.720090597174e-04
6.153740334114e-07
-3.026239528740e-04
1.165520789137e-03
-1.441906212473e-05
4.938745822183e-04
6.839954986772e-06
1.055397727602e-05
-6.712457774051e-06
-5.720129268570e-04
-3.579930999970e-06
1.044301448430e-03
-3.857063308340e-04
5.568156203305e-07
-2.896172792876e-04
-5.086511986157e-04
6.680345688334e-06
-2.305199971504e-04
-3.018665649962e-06
9.589890357330e-06
-2.970100484982e-07
2.350068864636e-04
3.706609841526e-07
-5.329400228450e-04
-4.155520404025e-04
4.335048288071e-07
-2.397929541583e-04
2.312361151621e-03
-5.421187837291e-06
1.172919864258e-03
7.923668732106e-06
6.928135191071e-06
-2.061401057640e-06
-1.169428643695e-03
-5.102686941895e-06
2.359235193896e-03
-4.609415882759e-04
5.560581945704e-07
-1.377440915490e-04
1.106930797817e-03
-1.318032423025e-05
4.559324311574e-04
3.815540602469e-06
1.036367711484e-05
-7.156157227478e-06
-5.963935071563e-04
1.722248832862e-06
1.076352426404e-03
-4.684923181348e-04
4.950708850514e-07
-1.207581855448e-04
-5.060516008831e-04
9.021425151661e-06
-2.368879378721e-04
-3.486249052594e-06
9.396658921053e-06
3.174509780897e-06
2.245025601337e-04
-2.731538300584e-06
-5.264274535512e-04
-4.770060733209e-04
3.984983830734e-07
-6.284407652802e-05
2.329887832180e-03
-6.515113910171e-06
1.193920501389e-03
5.384473566025e-06
6.716576066422e-06
-4.701232065930e-06
-1.157655630738e-03
-2.080700730657e-06
2.361007568264e-03
-4.798575399136e-04
5.498193042609e-07
4.853245660976e-05
1.036133676246e-03
-1.180994174070e-05
4.575785264523e-04
2.558777143614e-07
1.010337299571e-05
-8.322545995501e-06
-5.776105313275e-04
7.373160761329e-06
1.113213215069e-03
-4.802962494378e-04
5.225773055657e-07
6.688360682428e-05
-5.023497046506e-04
8.755091735508e-06
-2.366299185575e-04
-2.300439758551e-06
9.149088754624e-06
5.310392975621e-06
2.149832944612e-04
-6.296966870693e-06
-5.093344771051e-04
-4.657196838593e-04
4.727013301430e-07
1.244479496085e-04
2.362837426121e-03
-6.599957593284e-06
1.207483300859e-03
2.365945284383e-06
6.497857087002e-06
-6.515600623399e-06
-1.159258476405e-03
1.340609751530e-06
2.359037622822e-03
-4.257117583992e-04
6.657274335058e-07
2.284041094250e-04
9.903673415579e-04
-9.445860702682e-06
4.947929670363e-04
-4.350150651447e-06
9.816191386506e-06
-9.835171906537e-06
-5.249704568641e-04
1.399181765084e-05
1.128584575235e-03
-4.191385371910e-04
6.618207737279e-07
2.453032125383e-04
-5.011210376894e-04
5.400543301510e-06
-2.317882463601e-04
-6.295703895649e-07
8.831341018737e-06
4.835748958804e-06
2.116345624641e-04
-8.308225004092e-06
-4.927418413250e-04
-3.833073483661e-04
6.213434630890e-07
2.932290097989e-04
2.384661791314e-03
-5.984263468432e-06
1.201445287028e-03
-5.812613268409e-07
6.266315437119e-06
-7.794384320019e-06
-1.169903339968e-03
4.259717948461e-06
2.347504013913e-03
-3.069145138038e-04
8.049433654851e-07
3.735385463863e-04
9.798461101100e-04
-4.727509456475e-06
5.370377791185e-04
-9.519821058958e-06
9.477382681306e-06
-1.000114781287e-05
-4.617951850089e-04
1.996249609909e-05
1.097396938113e-03
-2.944747132442e-04
7.592594853349e-07
3.864402783569e-04
-4.909962148324e-04
7.448478331898e-07
-2.196377989499e-04
1.568857451158e-06
8.455792746675e-06
3.146764258366e-06
2.095970015515e-04
-9.489870622671e-06
-4.726132511337e-04
-2.434645282184e-04
1.195855430646e-06
4.170086665426e-04
2.367352185274e-03
2.734304730483e-05
1.173314614033e-03
-3.140764534707e-05
6.434931351994e-06
-5.854468707142e-06
-1.174624424098e-03
3.012675572811e-05
2.318609103407e-03
-1.424601370775e-04
1.363630093776e-06
4.615315259691e-04
1.010867206526e-03
-3.114852009660e-06
5.561551643573e-04
4.360241704823e-06
6.107805669715e-06
-4.390704847299e-06
-4.303373245286e-04
1.193099477668e-06
1.043920910565e-03
-1.262469460429e-04
1.179965220855e-06
4.683798163312e-04
-4.741034173415e-04
-2.810370447061e-05
-2.025324587051e-04
-3.668171110277e-05
1.289042349178e-05
-1.482623107615e-05
2.073693160178e-04
4.311785602461e-05
-4.492746742847e-04
-6.520099926661e-05
4.302420647810e-07
4.773257511472e-04
2.392514741845e-03
2.669323671058e-05
1.171180524792e-03
-2.556358926085e-05
5.875502584209e-06
-7.679267822230e-07
-1.208276347521e-03
1.727464247493e-05
2.359667247079e-03
4.747715274640e-05
1.514920875956e-07
4.796416284642e-04
1.095778562476e-03
-2.844024073931e-05
5.655146922554e-04
4.304763219650e-05
5.232073541995e-06
-1.421698775284e-05
-4.557681353579e-04
-3.098462401990e-05
1.033420987231e-03
6.713298117818e-05
-2.073203415997e-07
4.793554274175e-04
-4.435191518299e-04
-4.766954222840e-05
-1.831285576616e-04
1.942958908996e-05
1.205854695252e-05
-1.148434352689e-05
2.055542538884e-04
-3.775381783597e-06
-4.290139280808e-04
1.222561711960e-04
-7.547052666499e-07
4.655596983446e-04
2.202907479232e-03
2.872566045915e-05
1.078838785995e-03
-1.690152138283e-05
4.952477067257e-06
1.138247965666e-05
-1.125875448120e-03
-1.291199576107e-05
2.200753913182e-03
2.080697825828e-04
-9.913866272580e-07
4.326356145867e-04
6.819537099454e-04
9.261423974734e-05
3.058677609890e-04
-1.233929053836e-04
5.459433081537e-06
4.033178947733e-05
-2.794622418945e-04
9.585957099501e-05
5.575246655813e-04
2.131529438171e-04
-2.530702146422e-06
4.321478821584e-04
-4.453442660632e-04
2.088743177927e-04
-1.739299015046e-04
-2.391346734566e-04
1.306403883599e-05
1.091538346699e-04
1.926020866453e-04
2.151755893982e-04
-4.199582392475e-04
2.892924621662e-04
-6.095091707743e-06
3.737650788717e-04
3.357911954641e-03
-8.521091400228e-06
1.681164809660e-03
-2.422580340372e-05
6.774430503311e-06
-4.807649348879e-05
-1.705903843262e-03
5.996899920220e-05
3.413231355770e-03
4.279780050565e-04
-8.750274121518e-06
2.379482723262e-04
2.562394100599e-03
-6.916482843170e-04
1.171735015338e-03
4.390535432685e-04
4.333286233692e-06
-5.284745945522e-04
-1.228307812677e-03
-1.782445026550e-04
2.420826930982e-03
4.615606229877e-04
-6.764860861053e-06
1.995319141295e-04
-8.796971069856e-04
-9.383164403058e-04
-4.847933176385e-04
5.338821829482e-04
1.099458303036e-05
-6.570897216350e-04
4.235347586517e-04
-2.000255784601e-04
-9.775362354292e-04
4.334601888804e-04
7.643351878164e-07
2.547092780576e-04
-8.942833517745e-04
2.369077381279e-05
-4.405170263637e-04
1.208195364136e-04
5.613120503558e-06
1.190132239007e-04
4.261089545836e-04
-2.351688788442e-04
-8.564250549056e-04
4.150795361413e-04
8.665315205135e-06
3.032847971907e-04
-6.059840177665e-04
1.393635013723e-03
-2.778322201226e-04
-3.688090703117e-04
1.359539479019e-05
1.242302769388e-03
2.627647990564e-04
-2.490728956048e-04
-6.009924107337e-04
4.259012882355e-04
7.895163332021e-06
2.694092430845e-04
1.700663139951e-03
1.360791411629e-03
8.617876940880e-04
-3.322771977209e-04
1.859725057842e-05
1.226640804624e-03
-7.993020926306e-04
-2.354527271849e-04
1.656336643732e-03
4.448247662930e-04
-1.930556751180e-06
6.495274795774e-05
4.669932783647e-03
4.222937098799e-05
1.991417388232e-03
-1.901022332088e-04
1.850855451212e-05
-3.686247477134e-05
-1.986747096365e-03
2.398167827015e-04
4.663223091285e-03
4.288813333094e-04
-9.606361148870e-06
-3.110044922571e-04
6.879234616077e-03
-1.210521658796e-03
3.028734231843e-03
-2.040336629776e-04
2.566819780136e-05
-1.260530925145e-03
-3.129601627392e-03
7.102576070650e-04
6.973151288557e-03
4.247100570102e-04
-1.164129648742e-05
-3.859710801649e-04
-4.527980009207e-03
-1.002088216142e-03
-2.508257938054e-03
-1.754718754202e-04
1.623834383500e-05
-1.178208799145e-03
2.398042237378e-03
8.139793150991e-04
-4.405846379661e-03
4.830285006157e-04
-7.560993194539e-06
-1.386836225615e-04
-2.967147715578e-03
-9.501363330790e-05
-1.556014228350e-03
1.020493376386e-04
1.290048776562e-05
-3.901144197069e-05
1.620632258910e-03
-1.351505848628e-04
-3.029582032505e-03
5.075767678531e-04
-1.287559336961e-06
-7.824738468123e-05
1.059345856394e-03
3.114074700794e-04
5.626859732613e-04
3.189226818157e-04
1.882277149428e-05
4.832114187865e-04
-5.586532400301e-04
-5.917706835266e-04
1.012872920114e-03
4.641206479317e-04
1.343143618990e-07
-1.551199421613e-04
1.621119236926e-03
2.142054746056e-04
7.614253402130e-04
2.247181992997e-04
1.971922002328e-05
3.272500534339e-04
-7.846287413116e-04
-3.344381112862e-04
1.665384784927e-03
3.666304188124e-04
-1.416784931190e-06
-2.818092873391e-04
3.265187448324e-03
1.041106983106e-05
1.602704133604e-03
-8.417860918345e-06
8.537133831425e-06
1.618420706149e-05
-1.558580483727e-03
1.289479825986e-05
3.266508242267e-03
2.685294514930e-04
-2.162437050612e-06
-3.840745166294e-04
9.981641901076e-04
-3.580985627834e-05
5.559015973166e-04
-1.443880556207e-04
1.044494630784e-05
-1.076429052385e-04
-4.672745430373e-04
1.929586727651e-04
1.142432674299e-03
2.684314578143e-04
-2.065880043064e-06
-3.886476403248e-04
-9.572005303613e-04
1.601406461031e-05
-4.376019987874e-04
-6.714171520366e-05
1.626044528090e-05
-5.195191893943e-05
4.365004912884e-04
9.657293805542e-05
-9.273968055115e-04
2.360149734970e-04
-1.623343526236e-06
-4.093910997957e-04
2.179860781020e-03
-4.711216810641e-05
1.090490722875e-03
3.458518791176e-05
8.563384037491e-06
-1.098497429218e-05
-1.094690454332e-03
-3.071794031270e-05
2.131167367267e-03
1.353476128013e-04
-4.765762775633e-07
-4.542585196519e-04
1.180270839230e-03
-1.994368047837e-05
6.472153953611e-04
2.149006162796e-05
8.965237516130e-06
-3.782788583399e-06
-5.113301089610e-04
-2.376217959322e-05
1.215037371482e-03
1.166324011546e-04
1.424400755909e-07
-4.623916637204e-04
-5.662837050617e-04
1.595499113891e-05
-2.359623694462e-04
4.564763606989e-05
1.555014090587e-05
3.435700048147e-06
2.600734091537e-04
-4.482759086459e-05
-5.409094776018e-04
6.277616884718e-05
1.439291253965e-07
-4.709633748021e-04
2.266953303604e-03
-4.081311157391e-05
1.110728848230e-03
3.278670704687e-05
8.062795465632e-06
-1.274023343894e-05
-1.144479243414e-03
-1.577937818728e-05
2.234833558739e-03
-4.793328434129e-05
7.350179127787e-07
-4.736551522094e-04
1.161833920048e-03
4.488759753499e-07
6.023747919099e-04
-1.427083643148e-05
8.456754689232e-06
-1.341797026256e-06
-4.840182898953e-04
1.423563518347e-05
1.090381969212e-03
-6.655159121176e-05
1.040998703245e-06
-4.741481516379e-04
-5.354549138001e-04
8.901644018235e-06
-2.232038937276e-04
2.934386503175e-05
1.517495099216e-05
-7.415341955876e-06
2.530633857404e-04
-3.810208994392e-05
-5.313816322559e-04
-1.223591004034e-04
8.668898814209e-07
-4.607010361610e-04
2.317857700812e-03
-4.540494777621e-05
1.140337343333e-03
2.853484574002e-05
7.984214657553e-06
-2.240164559811e-05
-1.186620975936e-03
-2.791004233011e-06
2.318133484112e-03
-2.281016370002e-04
1.304770562424e-06
-4.198934915200e-04
1.204942916614e-03
5.794479608226e-06
5.650524464251e-04
-1.049955432828e-05
8.271543153924e-06
5.423042941404e-06
-5.310036199710e-04
9.480845945371e-06
1.069010083318e-03
-2.451511920574e-04
1.447633856752e-06
-4.134139282177e-04
-5.465070474214e-04
-6.023754881100e-06
-2.370554366306e-04
2.703834574657e-05
1.509125942159e-05
-1.650516194967e-05
2.608982472088e-04
-4.194054215190e-05
-5.648767729434e-04
-2.904856234295e-04
1.108263528370e-06
-3.804197159690e-04
2.283577144310e-03
-4.246535484400e-05
1.137630805019e-03
1.978113494063e-05
7.960533476983e-06
-2.977030597599e-05
-1.170505392570e-03
1.234497774727e-05
2.317170271907e-03
-3.718176283944e-04
1.402935974662e-06
-3.029595304634e-04
1.183751943878e-03
1.192495819668e-05
5.062801952686e-04
-7.411078246258e-06
8.195222741309e-06
1.203056631948e-05
-5.775901060074e-04
4.983727666571e-06
1.064390165505e-03
-3.852603745630e-04
1.453157232886e-06
-2.901771641716e-04
-5.183884252411e-04
-1.993658954211e-05
-2.357433958418e-04
1.875880863509e-05
1.514889996276e-05
-2.378192764635e-05
2.398198013657e-04
-3.701049092018e-05
-5.469218815265e-04
-4.152614439247e-04
1.066166768983e-06
-2.410233841216e-04
2.299655914557e-03
-3.375744381436e-05
1.165482952548e-03
6.624422559902e-06
7.787353235762e-06
-3.376852216244e-05
-1.166026374666e-03
2.764715673944e-05
2.348183873479e-03
-4.609223892945e-04
1.330980016079e-06
-1.379306468388e-04
1.131408514306e-03
1.641800555656e-05
4.696730668543e-04
-2.990481188558e-06
7.964058756954e-06
1.742334136530e-05
-6.042647567195e-04
-1.149179667458e-06
1.097311555540e-03
-4.683506376486e-04
1.379266624914e-06
-1.212084246769e-04
-5.185872371560e-04
-2.848453348424e-05
-2.448043433902e-04
7.194437863805e-06
1.492207800592e-05
-2.550966308416e-05
2.287026142905e-04
-2.724022047503e-05
-5.419321495721e-04
-4.772382560751e-04
1.015567015159e-06
-6.405316935919e-05
2.312383331456e-03
-1.992185853832e-05
1.185080895298e-03
-6.970159023476e-06
7.540315742466e-06
-3.277794810706e-05
-1.151185465218e-03
3.833571391823e-05
2.345811533583e-03
-4.799481639977e-04
1.302895377960e-06
4.832891027001e-05
1.064120352712e-03
1.407263783320e-05
4.699635580765e-04
3.508370096946e-06
7.810194741946e-06
1.685581966574e-05
-5.887469031563e-04
-6.857264372514e-06
1.133965764976e-03
-4.803672776829e-04
1.386126492230e-06
6.651635045175e-05
-5.148523256269e-04
-3.481077009190e-05
-2.445395886608e-04
-3.642497611658e-06
1.464960018915e-05
-2.483872177993e-05
2.175391463214e-04
-1.456762105574e-05
-5.213886621645e-04
-4.664502747133e-04
1.071638328751e-06
1.234339406542e-04
2.339759760048e-03
-2.770252459198e-06
1.196919805723e-03
-1.960983816590e-05
7.267560285609e-06
-2.682667473537e-05
-1.149160432820e-03
4.301979210687e-05
2.339072367237e-03
-4.259778767289e-04
1.392303619805e-06
2.281075780787e-04
1.017816915556e-03
8.880638664685e-06
5.042684076826e-04
8.524851230506e-06
7.437497908631e-06
1.273124640405e-05
-5.389566691363e-04
-9.692869398551e-06
1.149546795105e-03
-4.193756662824e-04
1.496568902954e-06
2.449592025117e-04
-5.114687068582e-04
-3.721053608135e-05
-2.371833598643e-04
-1.315585834024e-05
1.426766438767e-05
-2.143721117945e-05
2.130594717744e-04
-6.583165560122e-08
-4.989924908354e-04
-3.843860205347e-04
1.197036340488e-06
2.925390314992e-04
2.357829659438e-03
1.410640618777e-05
1.189817811094e-03
-2.837204566805e-05
6.923623793849e-06
-1.698603943677e-05
-1.156388268009e-03
4.034462322486e-05
2.322991221908e-03
-3.073922223699e-04
1.497304123259e-06
3.731871338537e-04
1.004105022713e-03
2.787814958294e-06
5.440560118029e-04
1.155541588299e-05
6.874398101899e-06
6.646176368704e-06
-4.771435989227e-04
-9.809814861874e-06
1.119596632309e-03
-2.947725280583e-04
1.556115292937e-06
3.861283652759e-04
-4.954819707596e-04
-3.486828203075e-05
-2.204076268063e-04
-1.938958728121e-05
1.367148256129e-05
-1.533141831129e-05
2.096517237342e-04
1.338839222512e-05
-4.712719227354e-04
-6.803493718420e-05
1.112539953407e-06
7.783017221467e-05
6.658387191797e-03
-8.838211920579e-05
3.543897401349e-03
5.447601866897e-05
-5.502789068018e-06
-7.546455666355e-05
-3.539847014402e-03
-2.009614117398e-05
6.648443619371e-03
1.333517764722e-04
8.217502915083e-07
-2.921696626367e-04
3.223683631646e-03
-5.479593855554e-06
1.793133083684e-03
-3.194056287897e-05
-5.432214930318e-06
-1.809490338782e-05
-1.783460159298e-03
4.460068901647e-05
3.213700557610e-03
1.654740637757e-04
1.077287490901e-10
-3.564946671032e-04
-1.549680735724e-03
-1.659169420363e-10
-8.139436951938e-04
1.203039804032e-04
-3.784476586082e-06
2.191146190825e-05
7.390488868141e-04
5.357165228511e-06
-1.585657343180e-03
-6.645078263574e-05
5.247299216036e-07
7.613142280209e-05
6.662473883434e-03
2.405706260274e-05
3.552671194559e-03
-9.346767965867e-06
-5.544209540537e-06
1.646732525022e-05
-3.532741907593e-03
-3.049024810864e-06
6.654472621128e-03
1.330169311829e-04
4.054155066407e-07
-2.929258441688e-04
3.201196221671e-03
-1.039677694902e-06
1.783318382089e-03
-4.889278389916e-06
-1.223558597732e-05
1.018653416128e-06
-1.766113501185e-03
4.694113269695e-06
3.196377895365e-03
1.654740594628e-04
-1.235677143734e-10
-3.564948379139e-04
-1.549995356986e-03
-1.659150420693e-10
-8.132145338665e-04
1.547128345940e-05
-3.198835299049e-07
2.310727167651e-06
7.290113551244e-04
1.332153401006e-06
-1.589592323717e-03
-6.677870486006e-05
-6.944778253998e-08
7.640240855005e-05
6.662737314091e-03
-1.245017080645e-05
3.552507476446e-03
1.293890684027e-06
-5.403843190284e-06
-9.603691532953e-06
-3.533273489803e-03
7.042793840798e-06
6.654479753665e-03
1.328430019809e-04
-2.545990770294e-07
-2.927980481389e-04
3.205927126121e-03
5.438161015279e-06
1.785512652634e-03
2.520375594388e-07
-1.162871816289e-05
1.978065279636e-06
-1.769772064652e-03
-1.899967545043e-06
3.200601625004e-03
1.654740551490e-04
3.062992793561e-11
-3.564948545269e-04
-1.549771932441e-03
-1.659149436421e-10
-8.136943217126e-04
-1.705735413045e-05
-4.310482812330e-07
-3.189488632284e-06
7.281062591228e-04
-9.322844833659e-07
-1.590331714490e-03
-6.904492073572e-05
-6.223834658137e-07
7.867338630578e-05
6.658167075939e-03
1.010522432961e-04
3.543201405707e-03
-6.359669686279e-05
-4.919148292869e-06
8.276464862943e-05
-3.540421840119e-03
2.427522624885e-05
6.646862192288e-03
1.327675780773e-04
-6.442698215325e-07
-2.917768192767e-04
3.238193835977e-03
1.108177027853e-05
1.799966074219e-03
2.471971683169e-05
-4.346210943370e-06
2.106982101552e-05
-1.793799650920e-03
-4.050311855744e-05
3.225546717731e-03
1.654740508361e-04
-1.235677143734e-10
-3.564950253375e-04
-1.549075421509e-03
-1.659163503870e-10
-8.152322455575e-04
-1.120788614862e-04
-3.316518840026e-06
-1.775142784744e-05
7.344119484439e-04
-4.307877623230e-06
-1.586827855905e-03
-3.404689610100e-05
6.351892986971e-07
1.012478914290e-04
6.662278660817e-03
-1.158719337485e-04
3.540568478544e-03
2.736655353827e-05
-5.488222687581e-06
-1.141038444994e-04
-3.546996147757e-03
2.277082719771e-05
6.651733777025e-03
1.066629222173e-05
6.095797338445e-07
-3.188076926395e-04
3.246048012244e-03
1.748634017051e-06
1.801142008458e-03
-2.731744902149e-05
-4.372247081613e-06
-1.186210777578e-05
-1.805038621290e-03
4.082930213939e-05
3.229329605637e-03
1.643389650916e-05
1.401985151585e-11
-3.927601122791e-04
-1.551227528503e-03
-1.659070794097e-10
-8.104087799571e-04
1.039371773461e-04
-3.550924448941e-06
-3.177513310943e-05
7.065214322087e-04
4.929411825149e-06
-1.525072414573e-03
-3.283464237055e-05
7.150150309861e-08
9.724370465777e-05
6.668958737300e-03
-4.186620129324e-06
3.546572389787e-03
2.158068066097e-06
-5.493006880878e-06
-3.623426304684e-06
-3.539732336388e-03
-4.944930019757e-06
6.649772894981e-03
1.036837327755e-05
2.179844655026e-07
-3.201381108976e-04
3.206997194120e-03
-9.174911677939e-06
1.781707620240e-03
-9.706065153378e-07
-1.129025928936e-05
-6.542878978170e-06
-1.774184290562e-03
4.646165970714e-06
3.190234206975e-03
1.643389219434e-05
1.682174938249e-10
-3.927599746945e-04
-1.552165055241e-03
-1.659065452029e-10
-8.083618398273e-04
1.555091709521e-05
-3.700473602493e-07
-3.031998706406e-06
6.992803799040e-04
-5.027792219638e-06
-1.526353880116e-03
-3.266246310268e-05
-5.025952317368e-07
9.574660990981e-05
6.667089392959e-03
-3.620648760861e-05
3.545677777819e-03
2.327965918391e-06
-5.250591510463e-06
-3.390532218427e-05
-3.538809441947e-03
1.910105595264e-05
6.647832206631e-03
1.045670130001e-05
-4.320503547213e-07
-3.208578387871e-04
3.190532867296e-03
-7.882795765276e-06
1.772324295732e-03
3.592551007382e-06
-1.148429651986e-05
-1.130662884956e-05
-1.764610789584e-03
-7.225171855851e-07
3.172980792344e-03
1.643388788144e-05
1.401985151585e-11
-3.927601455051e-04
-1.552309756216e-03
-1.659062681380e-10
-8.080390313968e-04
-1.490039420584e-05
-3.832358832297e-08
3.319694993731e-06
6.995901736110e-04
2.598963701820e-07
-1.526454643037e-03
-3.340848782960e-05
-1.040321031737e-06
9.654567285872e-05
6.658770180405e-03
7.016891226566e-05
3.539819966697e-03
-1.991958557596e-05
-4.891190325208e-06
7.132707874192e-05
-3.545188383488e-03
-6.746047697369e-06
6.649017060496e-03
1.103805891520e-05
-8.210769205281e-07
-3.211481883402e-04
3.195214319570e-03
-2.393716744468e-05
1.773590753500e-03
3.320954196994e-05
-5.071636547957e-06
-1.102342690080e-05
-1.775500089126e-03
-3.491224754661e-05
3.180640871105e-03
1.643419196191e-05
1.401985151585e-11
-3.927600079186e-04
-1.551481336665e-03
-1.659061273216e-10
-8.098247883401e-04
-1.081159974697e-04
-2.875039822799e-06
3.169722965121e-05
7.115228188593e-04
-9.081121586612e-06
-1.530117694685e-03
3.725933210084e-06
-1.692960712591e-07
9.671124653699e-05
6.677663540022e-03
-3.897473834351e-05
3.551560217402e-03
7.307717069817e-06
-5.938368440316e-06
-4.229173112025e-05
-3.561182738899e-03
-1.596417306815e-06
6.675471129702e-03
-1.142020037691e-04
2.850290677275e-07
-3.034625364994e-04
3.100973451652e-03
4.308670193422e-05
1.719016912145e-03
-6.301864719834e-06
-2.988530803417e-06
4.327189851641e-05
-1.734573614941e-03
9.899759323146e-08
3.095327674401e-03
-1.351397182435e-04
7.237420094760e-11
-3.692294587245e-04
-1.561345171567e-03
-1.658831310123e-10
-7.880534798132e-04
6.291070406263e-05
-3.380873339723e-06
-7.659211316127e-05
7.037990352708e-04
1.746923756482e-05
-1.476288987395e-03
5.246718440788e-06
-7.036982108178e-07
9.807761465299e-05
6.679625019573e-03
4.524979776771e-05
3.545986862231e-03
2.306018534259e-05
-5.376132132215e-06
6.026771234904e-05
-3.556172575156e-03
-6.410747155903e-05
6.661769847830e-03
-1.137316833743e-04
-6.992434114322e-08
-3.015946099850e-04
3.131989602385e-03
1.279054435909e-05
1.730294400494e-03
1.026423320862e-05
-1.028972452682e-05
2.864530664618e-05
-1.743134766344e-03
-2.099024768095e-05
3.113493288350e-03
-1.351397225573e-04
-4.724620206924e-12
-3.692294753375e-04
-1.562707210617e-03
-1.658818009382e-10
-7.850873027494e-04
1.558293336495e-05
-5.997676123231e-07
-5.544726351395e-06
6.983595394358e-04
-5.651385255401e-06
-1.473297348331e-03
6.603738096551e-06
-1.256621367922e-06
1.017616723508e-04
6.676791769816e-03
2.462706150545e-05
3.544533077681e-03
1.169234674224e-05
-5.001446845117e-06
3.189511710256e-05
-3.553279142367e-03
-2.942385023175e-05
6.659370561594e-03
-1.129587126338e-04
-7.054619992449e-07
-2.997144665310e-04
3.181632681285e-03
1.181626684395e-05
1.758035474122e-03
1.071264221606e-05
-1.128158520596e-05
1.765526222504e-05
-1.767841679423e-03
-2.227588671679e-05
3.162169749574e-03
-1.351397268731e-04
-4.724620206924e-12
-3.692291835552e-04
-1.562305956115e-03
-1.658827925467e-10
-7.859924464130e-04
-1.175412156585e-05
5.088477925332e-07
4.449501883433e-06
6.999522115452e-04
1.496086399935e-05
-1.474875324905e-03
8.177160890915e-06
-1.769675479177e-06
1.080695295985e-04
6.665207184972e-03
1.172663962589e-04
3.540621491001e-03
3.471453197651e-05
-4.213947296015e-06
1.426831413605e-04
-3.556144579718e-03
-9.781354599774e-05
6.661296141972e-03
-1.114834533299e-04
-1.071332154620e-06
-2.977872920925e-04
3.248811548084e-03
-1.772164025531e-05
1.793059869615e-03
4.030890482454e-05
-5.435416812885e-06
3.442464758606e-06
-1.813944482903e-03
-4.823866075338e-05
3.232852145584e-03
-1.351397311860e-04
-1.589222625160e-10
-3.692293543659e-04
-1.559201185798e-03
-1.658877297236e-10
-7.928622167433e-04
-8.613547569901e-05
-3.238622085575e-06
8.303869905466e-05
7.115313398262e-04
-7.951575904930e-06
-1.482540071798e-03
6.069176416764e-05
-3.124900720201e-06
1.181819405172e-04
6.699960701748e-03
-2.476104754295e-04
3.567553322657e-03
-2.562249802415e-04
-1.968105445252e-06
-3.960173282011e-04
-3.585517002962e-03
4.559274932631e-04
6.726817003388e-03
-2.116381749968e-04
-9.141089055591e-07
-2.214360696888e-04
3.423699157156e-03
-7.189233917835e-05
1.913952242906e-03
-1.222044037304e-04
5.002440860566e-06
-1.639855000327e-04
-1.962088508592e-03
2.064204669716e-04
3.469924755903e-03
-2.661706295015e-04
-2.274981133198e-11
-2.894853113165e-04
-1.583054213430e-03
-1.658496796581e-10
-7.404139247063e-04
-3.721161790502e-05
-2.300827610002e-06
-8.642374011312e-05
7.059917728253e-04
-1.490280272179e-06
-1.393428791844e-03
4.335418948889e-05
-3.487954815247e-06
9.175313261445e-05
6.756696893090e-03
-1.777942676991e-04
3.588080424987e-03
-1.898598231078e-04
-4.983593041121e-06
-2.780384584919e-04
-3.603301109178e-03
3.389819647643e-04
6.754673444269e-03
-2.208534972218e-04
-1.084749801387e-06
-2.346755122702e-04
3.107573669941e-03
-8.985795105037e-05
1.728119600382e-03
-9.492503728756e-05
-6.618709001554e-06
-1.423660787762e-04
-1.747097108939e-03
1.564248247649e-04
3.109609482252e-03
-2.661706338154e-04
1.314478309771e-10
-2.894853279295e-04
-1.579156908950e-03
-1.658493474760e-10
-7.488848050575e-04
3.867522644391e-05
-1.485328437306e-06
-1.427339951321e-06
7.279158312295e-04
-8.398753751117e-05
-1.442553031651e-03
2.674880586002e-05
-4.066593852040e-06
6.782914570970e-05
6.792199739793e-03
-1.935115201072e-04
3.600651066885e-03
-2.278693971106e-04
-5.430755400629e-06
-3.200049167826e-04
-3.623559461980e-03
4.056827103066e-04
6.780278624181e-03
-2.296726104825e-04
-1.766873429696e-06
-2.473866505937e-04
2.760853835504e-03
-1.002603820189e-04
1.512317673309e-03
-1.215411693882e-04
-1.609053836830e-05
-1.806541532523e-04
-1.552665561901e-03
1.872021408080e-04
2.743025053382e-03
-2.661703297359e-04
-2.274981133198e-11
-2.894850361453e-04
-1.572276391170e-03
-1.658532426870e-10
-7.639277892845e-04
-1.250996796378e-05
1.587852637386e-06
-1.101233724894e-05
7.226119643694e-04
-1.564482833611e-05
-1.459444493653e-03
9.312127701921e-06
-4.761274039160e-06
4.351945099634e-05
6.856977991590e-03
-1.619326138058e-04
3.643770788612e-03
-1.924600872127e-04
-8.073211952077e-06
-2.794205753050e-04
-3.650796673330e-03
3.623327765526e-04
6.842574688073e-03
-2.394698369990e-04
-2.315045801184e-06
-2.628884327890e-04
2.446575779889e-03
-1.643911904647e-04
1.342932145604e-03
-1.141787686663e-04
-1.344747949539e-05
-2.498571721231e-04
-1.349927768632e-03
2.129021065742e-04
2.406769725492e-03
-2.661703340478e-04
-2.274981133199e-11
-2.894853611536e-04
-1.561046390693e-03
-1.658634925970e-10
-7.885880451516e-04
-7.884768149377e-05
-5.332288799740e-06
1.710261882716e-04
7.596788471225e-04
-8.379363585393e-05
-1.522467038934e-03
2.058536278523e-05
4.257697218299e-07
3.582920003990e-05
6.456867678103e-03
-2.097381223560e-05
3.437127422106e-03
8.836286590736e-04
-8.077919483189e-06
4.713785012052e-04
-3.450568178717e-03
-1.144920218583e-03
6.447496935869e-03
-3.183800732041e-04
7.249858834111e-07
-1.475323575443e-04
2.687874480950e-03
2.617040396647e-05
1.473368752391e-03
5.371992032722e-04
-7.124738535443e-06
3.253718323021e-04
-1.449537727518e-03
-6.361745179593e-04
2.623600504703e-03
-3.567098156463e-04
3.978727124522e-11
-1.656678552466e-04
-1.579297801299e-03
-1.658509441871e-10
-7.488258909896e-04
-6.368692865548e-05
-4.319660000989e-06
-1.720998069508e-04
8.104223350279e-04
2.268305640341e-04
-1.584137973000e-03
9.391469238473e-05
-1.779931089356e-07
7.475752065626e-05
6.228483482727e-03
-1.279940657211e-05
3.309917068687e-03
9.360430878045e-04
-5.438075213124e-06
4.987197595081e-04
-3.336379040902e-03
-1.208752805005e-03
6.238492927122e-03
-2.752251931915e-04
2.734933599343e-07
-1.242596141013e-04
3.579498744956e-03
-8.688728479207e-06
1.966669507318e-03
5.514736725605e-04
-1.257875385509e-05
2.900851753792e-04
-1.989971668339e-03
-6.259639216854e-04
3.611765535488e-03
-3.567098199582e-04
-1.915091922184e-10
-1.656681802549e-04
-1.587655203282e-03
-1.658302112787e-10
-7.300681061381e-04
7.314124066669e-05
4.293571400797e-07
1.841184471873e-05
7.738592764132e-04
4.487689712159e-05
-1.463408752014e-03
1.673171818399e-04
-8.888901834798e-07
1.140202337067e-04
6.048695924295e-03
-3.255676838723e-06
3.214128776883e-03
9.026224083670e-04
-8.213116011736e-06
4.855098760424e-04
-3.227514427928e-03
-1.166042860141e-03
6.047439671603e-03
-2.345353270040e-04
-3.977154826277e-07
-1.030458220524e-04
4.684677316577e-03
-1.574873450757e-05
2.583470798567e-03
4.717853326877e-04
-1.239828859377e-05
2.452603314631e-04
-2.578892178833e-03
-5.564572484887e-04
4.689704511257e-03
-3.567101326674e-04
-3.731154990930e-11
-1.656681968698e-04
-1.591371353639e-03
-1.658243713950e-10
-7.217383034560e-04
-9.764484321976e-05
-4.601749666364e-07
-2.854282740997e-05
8.021559171040e-04
2.651298039964e-04
-1.475466258099e-03
2.486708397898e-04
-1.651275282683e-06
1.585702089212e-04
5.792960383062e-03
1.732263008493e-05
3.093212220358e-03
1.154881630942e-03
-5.078334498721e-06
6.397168048817e-04
-3.097758017596e-03
-1.471686874489e-03
5.830715273501e-03
-1.878170340898e-04
-8.115640092830e-07
-7.933243327825e-05
5.670225506040e-03
-6.290690094211e-05
3.147883906017e-03
6.739037939818e-04
-4.116842789635e-06
3.106917004713e-04
-3.192550383996e-03
-7.745236581498e-04
5.817098455691e-03
-3.567101369812e-04
-1.915091922184e-10
-1.656682134828e-04
-1.591303628926e-03
-1.658260168814e-10
-7.216980090775e-04
1.140068308900e-04
-4.277647433798e-06
1.805255188630e-04
7.531961171695e-04
2.017840592129e-05
-1.320244957689e-03
4.785493140570e-04
7.583426995589e-06
9.675727043593e-05
1.106134450277e-03
6.443916848494e-04
5.664795780942e-04
-1.563363184144e-03
-6.230323239202e-06
-1.436941333089e-04
-4.712159865054e-04
1.631052725386e-03
1.109684796809e-03
-7.484378753106e-06
6.676045042395e-06
3.188504844483e-05
9.824906942690e-03
5.647360606862e-04
6.645306088903e-03
-9.895807526001e-04
-4.565985264292e-05
-2.361787956247e-05
-6.192436191692e-03
9.181857773967e-04
9.966554652235e-03
-3.929751066226e-04
3.090587791155e-11
-1.662799637436e-05
-1.606380645350e-03
-1.655051064705e-10
-6.815970718486e-04
-1.610482244062e-04
9.945425522999e-06
-3.422591217279e-04
1.028477022443e-03
-1.180698620808e-04
-1.283185421932e-03
3.624786760066e-04
6.294132479875e-06
8.224382534718e-05
1.604150223837e-03
4.967472166448e-04
7.792125816790e-04
-1.351163827086e-03
-1.269299417789e-05
-1.816491198662e-04
-7.345148703510e-04
1.455142708308e-03
1.608738258068e-03
-8.015751213815e-05
4.955645407834e-06
2.527301987296e-05
8.578030645235e-03
4.265405970953e-04
5.689849644807e-03
-7.845509063621e-04
-3.512090496253e-05
-7.570886526096e-05
-5.367250387758e-03
7.301041203384e-04
8.529139590769e-03
-3.929751109403e-04
-2.003905855520e-10
-1.662739619680e-05
-1.605037804021e-03
-1.655604215579e-10
-6.861528454845e-04
5.501399183682e-05
4.161308199355e-06
-4.244485246081e-06
1.043693094167e-03
-2.924866994155e-04
-1.569424767669e-03
2.582680910228e-04
4.776491614646e-06
6.843506267229e-05
2.000338613267e-03
4.694969096819e-04
9.601172972825e-04
-1.260025394678e-03
-1.416712028543e-05
-1.636064476353e-04
-9.519848219049e-04
1.359872142653e-03
2.025868434330e-03
-1.400976384798e-04
3.670043350746e-06
1.831005995517e-05
7.115162465800e-03
3.765882570397e-04
4.741486679932e-03
-7.311787861593e-04
-2.077503840113e-05
-8.715517352049e-05
-4.458010601182e-03
6.597058533120e-04
7.129278904484e-03
-3.929751152542e-04
-4.619294324297e-11
-1.662741280980e-05
-1.613064867979e-03
-1.655489354242e-10
-6.685584988748e-04
-5.049279729850e-07
-4.729442373686e-06
4.952754376008e-05
9.978685454521e-04
-1.727679428747e-04
-1.495972574655e-03
1.527919108616e-04
3.810524575140e-06
5.638168159857e-05
2.426477257322e-03
4.727078598261e-04
1.163525353681e-03
-1.369043169959e-03
-2.514386428418e-06
-1.699801000024e-04
-1.163823998694e-03
1.474222068708e-03
2.429848965381e-03
-2.069727396908e-04
2.447162972263e-06
1.071968365538e-05
5.982085651463e-03
4.402430089045e-04
3.928102809907e-03
-9.872619070098e-04
-1.062715508173e-05
-1.291029603640e-04
-3.728919795317e-03
9.040128143183e-04
5.847180594599e-03
-3.929751195661e-04
-2.003905855520e-10
-1.662773781809e-05
-1.604037366508e-03
-1.654724160635e-10
-6.859444541997e-04
7.191806123716e-05
-8.905478692057e-06
1.452017940802e-04
1.009659328959e-03
-2.193303295735e-04
-1.688159306185e-03
2.578391544320e-04
-4.046253585552e-06
-6.020949135929e-05
4.237148546724e-03
-7.071581745374e-04
2.333062644535e-03
7.896078378832e-04
5.224677624735e-06
-2.679541045215e-04
-2.341097204238e-03
-6.409200607869e-04
4.212107962701e-03
-1.764070864780e-04
-1.437732100666e-06
7.127927045474e-05
6.545619345179e-03
-3.622672169658e-04
3.320704427869e-03
4.881042098286e-04
8.357748641133e-06
-1.669900394319e-04
-3.354088008420e-03
-3.553082163658e-04
6.475015766697e-03
-3.694444530680e-04
1.061557626011e-10
1.349456183783e-04
-1.583638981642e-03
-1.658179282419e-10
-7.383883597461e-04
-2.696570545144e-05
-4.998634940146e-06
3.201714458043e-05
8.316913890773e-04
1.088578235737e-04
-1.712305652725e-03
3.215236516345e-04
-4.189859771054e-06
-8.328797084341e-05
4.094203060775e-03
-7.203345255806e-04
2.266561422632e-03
8.012221314581e-04
-3.482136994918e-06
-2.856003302629e-04
-2.259867096214e-03
-6.603983287946e-04
4.115396772908e-03
-1.410305238906e-04
-1.310028140989e-06
5.817284867261e-05
7.298994163315e-03
-3.280383946509e-04
3.759024570628e-03
4.165818589321e-04
2.864997546786e-07
-1.612708647078e-04
-3.709409617009e-03
-2.894727512449e-04
7.287739588142e-03
-3.694444573819e-04
-2.022395220170e-10
1.349456017653e-04
-1.581944544334e-03
-1.658201175932e-10
-7.421494169013e-04
-8.591998960125e-06
-6.699210294686e-07
-1.316170989809e-05
8.383590398167e-04
1.040335934980e-04
-1.648119501140e-03
3.819487698956e-04
-4.564066396754e-06
-1.054183114465e-04
4.009741844101e-03
-6.436112408140e-04
2.210387065718e-03
7.138238247483e-04
-2.378965007237e-06
-2.654399146818e-04
-2.222629611369e-03
-5.839012449523e-04
4.029622035892e-03
-1.089019695948e-04
-1.539692144478e-06
4.579004376111e-05
8.121930451588e-03
-3.177338563121e-04
4.158209500291e-03
3.853644274398e-04
-9.227756299942e-06
-1.514075500985e-04
-4.145507301452e-03
-2.706911234086e-04
8.114237675446e-03
-3.694444616957e-04
-2.022395220170e-10
1.349455851523e-04
-1.577855515237e-03
-1.658217308679e-10
-7.511225584656e-04
-3.920533868708e-06
1.953584065746e-07
-1.039689927424e-05
8.422617409540e-04
1.088452333656e-04
-1.643619643749e-03
4.457518291194e-04
-4.973329079924e-06
-1.286324117355e-04
3.887892890983e-03
-7.915103834844e-04
2.158963314938e-03
8.897633424428e-04
-5.175343862987e-06
-3.430978337826e-04
-2.147674871944e-03
-7.320897443172e-04
3.914279836165e-03
-7.561050395525e-05
-1.750990439423e-06
3.211278348403e-05
8.873336564193e-03
-3.932261924653e-04
4.568932831574e-03
4.198056019231e-04
-7.780218847104e-06
-2.117780074245e-04
-4.489260613992e-03
-2.694155932335e-04
8.914683001701e-03
-3.694446202072e-04
-2.022395220170e-10
1.349455685383e-04
-1.574087158049e-03
-1.658228094508e-10
-7.595184506623e-04
5.970545803240e-05
-2.787753951890e-06
8.040266755750e-05
8.398243724121e-04
8.992805066461e-05
-1.578125784204e-03
8.797779784071e-05
-5.096128097035e-07
-3.841687497514e-05
6.442785384312e-03
2.184293775594e-04
3.416620275336e-03
-2.053186012447e-04
-5.819869970182e-06
1.204988807244e-04
-3.401506648554e-03
1.385307586296e-04
6.433424853252e-03
-2.344362345426e-04
2.485134077034e-07
2.199926383772e-04
3.232823185518e-03
7.917097052501e-05
1.835879481429e-03
-3.884040064563e-05
-1.862156335996e-06
6.231896650728e-05
-1.811895087420e-03
-9.452336683450e-06
3.215919566283e-03
-2.897003056600e-04
3.452194566636e-11
2.659765296363e-04
-1.553464537438e-03
-1.659157708356e-10
-8.056751473028e-04
-8.020717934317e-05
-2.949104168199e-06
-4.585644977079e-05
7.768457095648e-04
-8.183814637672e-06
-1.644839590835e-03
7.567304175072e-05
-9.935127972801e-07
-3.065450563254e-05
6.436460717839e-03
1.415467728064e-04
3.416508221622e-03
-1.168674094989e-04
-4.548743411232e-06
8.062395369876e-05
-3.400268514908e-03
8.251655897309e-05
6.443993653188e-03
-2.394035776007e-04
-1.005117923479e-07
2.239838150384e-04
3.072746550796e-03
6.785605215294e-05
1.742233171831e-03
-6.032310051010e-05
-1.013142879041e-05
4.460928420450e-05
-1.727006679990e-03
3.013377713933e-05
3.078567206631e-03
-2.897003099720e-04
-4.257687548816e-11
2.659762046280e-04
-1.556388033208e-03
-1.659076490447e-10
-7.991447154702e-04
-1.541841692406e-05
-1.361116828746e-06
-1.095082029232e-05
7.807448172976e-04
-1.393784653417e-05
-1.647525653182e-03
6.559120613971e-05
-1.497513624715e-06
-2.323366863459e-05
6.425313384883e-03
1.826065926601e-04
3.412309309075e-03
-1.363883682670e-04
-4.759761499911e-06
1.052225545913e-04
-3.391589919376e-03
8.675882756134e-05
6.436518085967e-03
-2.442693641505e-04
-7.302615071010e-07
2.275381861138e-04
2.924668567483e-03
5.528555545073e-05
1.662823753073e-03
-6.188482566342e-05
-1.206904179219e-05
4.160914207217e-05
-1.639183862529e-03
3.375987318540e-05
2.936111234308e-03
-2.897001600882e-04
-4.257687548816e-11
2.659761880160e-04
-1.557205223800e-03
-1.659073638846e-10
-7.973640177354e-04
1.163576486306e-05
-2.424472543550e-07
4.853273706749e-06
7.789777859343e-04
-8.933916302367e-06
-1.635588714626e-03
5.654802046179e-05
-2.034750356201e-06
-1.542080543659e-05
6.429679781318e-03
1.373353410241e-04
3.403486698032e-03
-7.502248113903e-05
-4.253679574635e-06
8.501129136216e-05
-3.401849909642e-03
4.243169284365e-05
6.430934544131e-03
-2.500170910874e-04
-1.144064827442e-06
2.309226095971e-04
2.792335785072e-03
6.923189889956e-05
1.584476098559e-03
-1.154277611817e-04
-5.662070322059e-06
3.006585217720e-05
-1.576877153390e-03
8.759969726187e-05
2.805065045054e-03
-2.897001644059e-04
-1.967745177972e-10
2.659767881936e-04
-1.559647135066e-03
-1.659144279523e-10
-7.922078466708e-04
1.096548339213e-04
-5.178459931355e-06
7.606097872570e-05
7.971676935858e-04
-8.748619827480e-06
-1.632490859307e-03
6.604684676953e-05
-6.585991188863e-07
-7.467387821981e-05
6.399082362093e-03
3.024592852675e-05
3.403458455349e-03
-4.244070184170e-05
-5.177719906194e-06
2.318160519338e-05
-3.401817350351e-03
3.392639787345e-05
6.390106247467e-03
-1.315917514351e-04
2.186192089773e-07
2.890442974318e-04
3.316620008953e-03
-1.819519107998e-05
1.833480892289e-03
3.157218520103e-05
-3.093629497468e-06
-1.033805876108e-05
-1.833274764910e-03
-2.987389455378e-05
3.305889462115e-03
-1.658830808885e-04
4.646889321891e-11
3.565160241749e-04
-1.549346479091e-03
-1.659153747117e-10
-8.146324076361e-04
-1.129943935378e-04
-3.317450910368e-06
-2.159515717144e-05
7.335033751430e-04
-3.277011420241e-06
-1.592529900648e-03
6.524732761161e-05
-1.279908228062e-06
-7.686922322384e-05
6.406257553734e-03
-7.427411355679e-05
3.415560035573e-03
1.946788443730e-05
-6.457671629914e-06
-6.106483827280e-05
-3.391470726019e-03
1.817383983287e-05
6.400115325582e-03
-1.310807587710e-04
-2.155801986134e-07
2.878230677432e-04
3.333684413923e-03
-1.753976286545e-05
1.848078065318e-03
7.260336191619e-06
-1.290834638680e-05
-2.268228662868e-05
-1.830079039071e-03
7.372071847186e-06
3.329143488641e-03
-1.658830852062e-04
-3.062992793561e-11
3.565166243525e-04
-1.550800417914e-03
-1.659141315180e-10
-8.114477548775e-04
-2.398849708701e-05
-1.033444436463e-06
-7.218345946097e-06
7.303162690597e-04
1.474723730992e-06
-1.585877836604e-03
6.646847114384e-05
-1.992624859582e-06
-8.083291165074e-05
6.412599164463e-03
-4.227696944654e-05
3.419524423111e-03
1.141282831956e-05
-6.589074299255e-06
-3.809949002694e-05
-3.393703973886e-03
6.769318546350e-06
6.408168553333e-03
-1.306304914444e-04
-1.004389611178e-06
2.858782219712e-04
3.377006552794e-03
-2.616986226780e-05
1.873756293461e-03
1.489907894749e-06
-1.608486721839e-05
-2.672005527333e-05
-1.850361984401e-03
1.460360193715e-05
3.377563414652e-03
-1.658830895181e-04
-3.062992793561e-11
3.565162993442e-04
-1.551435639238e-03
-1.659137141276e-10
-8.100637825390e-04
1.509966876447e-05
2.264612115218e-07
2.626776469279e-06
7.353781363007e-04
5.180537638151e-06
-1.583937734644e-03
6.977443049391e-05
-2.725670631447e-06
-8.724093440504e-05
6.412080950513e-03
-1.634979973660e-04
3.411805736644e-03
7.347071834446e-05
-6.613422466387e-06
-1.397561881520e-04
-3.402433274820e-03
-8.959629017849e-06
6.402123612344e-03
-1.304359397572e-04
-1.549747464021e-06
2.826035797968e-04
3.452774508360e-03
-3.834823540512e-05
1.912807316248e-03
-3.207196271334e-05
-9.476364514910e-06
-5.905173752805e-05
-1.891565683587e-03
5.966874541750e-05
3.445493506539e-03
-1.658830167332e-04
-3.062992793561e-11
3.565162827317e-04
-1.551548559516e-03
-1.659138225591e-10
-8.098181289825e-04
1.586365692931e-04
-4.233070494070e-06
4.781434794422e-05
7.514162323312e-04
1.186311551172e-05
-1.566954211047e-03
3.356002469768e-05
4.490345751577e-07
-1.073771309323e-04
6.388860530023e-03
9.909612514735e-05
3.385798389044e-03
-2.801642710209e-05
-6.156715394992e-06
9.525236239518e-05
-3.390913872872e-03
-1.181931401276e-05
6.378706302417e-03
-1.054139282248e-05
6.257729165446e-07
3.098424540135e-04
3.453313690409e-03
-9.116962344363e-06
1.917315951076e-03
2.959480660209e-05
-5.043093510494e-06
4.328922993267e-06
-1.919921614332e-03
-3.795796368631e-05
3.437667973809e-03
-1.684268232545e-05
6.307896963867e-11
3.927814693522e-04
-1.550123843728e-03
-1.659077531490e-10
-8.127772106573e-04
-1.200910828447e-04
-3.669774428955e-06
2.661149078275e-05
7.081437445693e-04
-6.354718582485e-06
-1.523452191943e-03
3.220241676118e-05
-1.999824967279e-07
-1.046831091044e-04
6.400618511899e-03
-8.765512598835e-06
3.395030305489e-03
-3.132783996075e-06
-6.398046826899e-06
-1.080027885946e-05
-3.383589965451e-03
1.429906594112e-05
6.380409363286e-03
-1.026292817927e-05
1.608407663907e-07
3.106197642336e-04
3.427782471484e-03
5.355157708789e-06
1.905296740274e-03
6.963651743931e-07
-1.333868129043e-05
1.168163570459e-06
-1.893918881736e-03
-1.249826837009e-06
3.410031917440e-03
-1.684268663835e-05
-1.401985151585e-11
3.927812985416e-04
-1.551342532328e-03
-1.659081598705e-10
-8.101516877789e-04
-1.978382506233e-05
-5.595581754383e-07
2.473211838729e-06
7.009006073297e-04
3.697110604907e-06
-1.524057121253e-03
3.202074424248e-05
-8.767045832779e-07
-1.044101543115e-04
6.404168646012e-03
2.073075048301e-05
3.396955620704e-03
-1.611202959054e-06
-6.240177302207e-06
1.765431603752e-05
-3.385052476504e-03
-1.010406045141e-05
6.383726440463e-03
-1.039417561449e-05
-6.101756163088e-07
3.108387844249e-04
3.423432697172e-03
3.152199967803e-06
1.903011105795e-03
-4.913279543930e-06
-1.407063003026e-05
4.212205242834e-06
-1.890062830542e-03
5.555230848896e-06
3.404970500870e-03
-1.684269095221e-05
-1.682174938249e-10
3.927812819286e-04
-1.551439358427e-03
-1.659081256327e-10
-8.099439549311e-04
1.735447884457e-05
3.102693092724e-08
-2.845090262152e-06
7.023312000255e-04
7.224039689884e-08
-1.524868302727e-03
3.287564996646e-05
-1.522325875488e-06
-1.065131225146e-04
6.399798575969e-03
-8.596422498950e-05
3.392214100222e-03
2.012108618159e-05
-5.536327255678e-06
-8.730919670348e-05
-3.396142702545e-03
1.526028070738e-05
6.389766756279e-03
-1.112476277656e-05
-1.090886333003e-06
3.105591317743e-04
3.440496784137e-03
2.035902429324e-05
1.910811178308e-03
-4.030596680916e-05
-6.824521181275e-06
2.486398803966e-06
-1.908388264669e-03
4.285339697596e-05
3.424173100029e-03
-1.684277236392e-05
-1.682174938249e-10
3.927811111175e-04
-1.550639390749e-03
-1.659074315654e-10
-8.116608506125e-04
1.339256848933e-04
-3.185241985293e-06
-2.522451550641e-05
7.175794237465e-04
9.961186604750e-06
-1.527123434503e-03
-8.982584404881e-06
9.037787392983e-07
-1.070809666814e-04
6.448724218530e-03
7.203907707160e-05
3.416632592266e-03
1.002719998482e-05
-6.055891568240e-06
8.325500746735e-05
-3.427615152788e-03
-3.994276864478e-05
6.443971742293e-03
1.096841671793e-04
8.103599744040e-07
2.936605508892e-04
3.351996846252e-03
-3.656473602995e-05
1.852133914043e-03
2.611680661984e-05
-5.615859881529e-06
-2.713815792510e-05
-1.867908934707e-03
-2.119921717512e-05
3.337072758597e-03
1.347306240328e-04
1.589222625160e-10
3.692506615981e-04
-1.558617640004e-03
-1.658805440315e-10
-7.939184973028e-04
-9.881614750990e-05
-3.710266898437e-06
8.362102580767e-05
7.115969207578e-04
-1.316075592871e-05
-1.481814941662e-03
-9.215578477448e-06
2.622174170246e-07
-1.050129579982e-04
6.457282443257e-03
-1.142473972654e-05
3.415936253217e-03
-6.905399500120e-06
-6.295030511589e-06
-1.640490586831e-05
-3.422423047190e-03
1.995110458731e-05
6.434414491474e-03
1.101708995282e-04
3.482755076721e-07
2.934193842868e-04
3.339776339181e-03
-7.017518286130e-07
1.842508541537e-03
8.207794222025e-07
-1.346136702828e-05
-5.998456643499e-06
-1.851215399857e-03
-5.697299930646e-07
3.314528395878e-03
1.347306197190e-04
4.724620206923e-12
3.692506449851e-04
-1.561147104516e-03
-1.658788686934e-10
-7.883878800233e-04
-1.713162946951e-05
-1.963875643515e-07
6.600791417916e-06
7.011064265558e-04
8.885352273895e-06
-1.475526367247e-03
-9.225626096041e-06
-4.038656832268e-07
-1.051390590219e-04
6.458707969182e-03
9.650726961765e-06
3.416811144836e-03
6.524740866367e-06
-6.168733207224e-06
1.327896616676e-05
-3.423354094819e-03
-1.730914447904e-05
6.436011187239e-03
1.101697549021e-04
-4.241928583999e-07
2.933891321712e-04
3.340312247047e-03
1.076171933058e-06
1.842873410115e-03
-9.840772384282e-07
-1.341398060190e-05
5.297304736682e-06
-1.851661315076e-03
1.545571908583e-06
3.315231848148e-03
1.347306154051e-04
4.724620206923e-12
3.692506283721e-04
-1.561141592222e-03
-1.658788609957e-10
-7.883948810804e-04
1.715494977695e-05
-5.350581751392e-08
-6.699726705489e-06
7.010272270204e-04
-8.497206332590e-06
-1.475421510871e-03
-9.051198480253e-06
-1.027129342855e-06
-1.074321800530e-04
6.453295690639e-03
-7.347470950024e-05
3.419385496798e-03
-1.118027016214e-05
-5.612829865316e-06
-8.575231096994e-05
-3.430644709642e-03
4.222082529007e-05
6.448783825263e-03
1.096519599824e-04
-8.782549081042e-07
2.936026573227e-04
3.353623686727e-03
3.730488876462e-05
1.853120408029e-03
-2.710821850850e-05
-5.675213810023e-06
2.725381398302e-05
-1.869116914009e-03
2.172264042761e-05
3.339114653121e-03
1.347306110922e-04
-1.494730221021e-10
3.692504575614e-04
-1.558573398849e-03
-1.658805264965e-10
-7.939939351480e-04
9.912890420636e-05
-3.357832170019e-06
-8.351170818206e-05
7.121722108321e-04
1.329468284824e-05
-1.482335610408e-03
-5.099423819576e-05
1.059356991342e-06
-9.752525626652e-05
6.467960608148e-03
5.101137290283e-05
3.428910052516e-03
4.431838671505e-05
-5.876368151519e-06
7.421927807760e-05
-3.441983013753e-03
-6.780257129438e-05
6.473289728979e-03
2.129986692598e-04
8.583422724479e-07
2.286240992984e-04
3.355392414315e-03
-4.484997570478e-05
1.852579114657e-03
1.492312900756e-05
-5.346930254017e-06
-3.876590534861e-05
-1.881290216141e-03
-7.486305641248e-06
3.358609373933e-03
2.657612268947e-04
9.984863248651e-11
2.895066683858e-04
-1.569565721143e-03
-1.658471359695e-10
-7.696259131046e-04
-4.151685615568e-05
-4.249411939640e-06
1.388260261908e-04
7.329998286349e-04
-3.508351322959e-05
-1.454151967763e-03
-5.030725923075e-05
4.344442538749e-07
-9.553763916369e-05
6.469914040552e-03
-4.034271711103e-06
3.418948883243e-03
-1.268664957667e-05
-6.112040929408e-06
-1.344460760504e-05
-3.439590203794e-03
2.307572962789e-05
6.458745175845e-03
2.132537485575e-04
4.225994239005e-07
2.279486183739e-04
3.342181108475e-03
-3.645537643104e-06
1.837913591254e-03
-7.677523450412e-06
-1.347748547590e-05
-1.426554474935e-05
-1.867074244853e-03
7.958109531283e-06
3.332580353823e-03
2.657612225818e-04
2.274981133198e-11
2.895064975752e-04
-1.574139629056e-03
-1.658442332028e-10
-7.596231410876e-04
-2.590145086511e-05
8.643487903567e-09
-1.006696776630e-06
7.257031427910e-04
3.189896889021e-05
-1.447753218116e-03
-5.015302375245e-05
-2.294208736646e-07
-9.546736800119e-05
6.470107688107e-03
3.980694214525e-06
3.419269493966e-03
1.649147578790e-05
-6.047370393361e-06
1.524003385646e-05
-3.439858538862e-03
-2.789603139521e-05
6.459223140496e-03
2.133403342445e-04
-3.583889484867e-07
2.279847153272e-04
3.339662073620e-03
3.228465085320e-06
1.836996026515e-03
9.972341086123e-06
-1.320228220200e-05
1.507853660589e-05
-1.866024463982e-03
-1.039118398070e-05
3.330741965501e-03
2.657612182689e-04
-1.314478309771e-10
2.895063267645e-04
-1.574302714758e-03
-1.658441047383e-10
-7.592622296381e-04
2.652174835001e-05
-3.969169334965e-08
4.394455493685e-07
7.256157332078e-04
-3.129651473033e-05
-1.447342340622e-03
-5.051277376745e-05
-8.378980307361e-07
-9.729725650403e-05
6.469033947594e-03
-5.073717824345e-05
3.430135910095e-03
-3.992538204965e-05
-5.604460132097e-06
-7.208392662082e-05
-3.442902691137e-03
6.227528449466e-05
6.474933214745e-03
2.132867249870e-04
-7.816810828628e-07
2.287288506898e-04
3.348194627302e-03
4.402466171665e-05
1.850167739125e-03
-1.161555197019e-05
-4.875257110749e-06
3.913449237174e-05
-1.877796684446e-03
4.551206472176e-06
3.353053686666e-03
2.657610597564e-04
-1.314478309771e-10
2.895064643482e-04
-1.570284760893e-03
-1.658465518027e-10
-7.680288612614e-04
3.833108997788e-05
-3.973361534850e-06
-1.360250724221e-04
7.327396553123e-04
3.560742737579e-05
-1.453025044278e-03
-8.303758268177e-05
1.043113469556e-06
-6.991866418701e-05
6.509449485073e-03
2.205853537783e-05
3.458692806330e-03
7.728752755470e-05
-5.648361650762e-06
5.557448714962e-05
-3.466470533719e-03
-9.060703094767e-05
6.526514059265e-03
2.860594214672e-04
8.589933040042e-07
1.307113716825e-04
3.311378724239e-03
-4.313949119867e-05
1.836821373622e-03
2.496408514408e-05
-5.691757488721e-06
-3.276060774625e-05
-1.858514770396e-03
-1.758244003606e-05
3.342183037174e-03
3.563010298290e-04
1.144103710638e-10
1.656893665174e-04
-1.582020129395e-03
-1.658209630336e-10
-7.421662856601e-04
7.536562964874e-05
-4.113947981532e-06
1.785462425636e-04
7.738192464154e-04
-1.009896035727e-04
-1.464099101406e-03
-8.184199650899e-05
4.225256134775e-07
-6.844683756222e-05
6.503269480161e-03
4.567881760485e-06
3.442834707277e-03
-2.959895981869e-05
-5.910304562609e-06
-1.346309899004e-05
-3.464879503764e-03
3.751665461512e-05
6.509439633392e-03
2.858566272663e-04
3.993569014020e-07
1.298674451461e-04
3.297046034985e-03
-3.652009655412e-06
1.819519491448e-03
-4.524800852900e-05
-1.333429451614e-05
-2.600541906410e-05
-1.846268361430e-03
4.231901199662e-05
3.313234781134e-03
3.563011797133e-04
1.915091922184e-10
1.656892728065e-04
-1.586747449433e-03
-1.658134460919e-10
-7.317302947888e-04
-7.747514304642e-05
-2.889549880526e-07
-1.850199434440e-05
7.750958964700e-04
9.714412432768e-05
-1.468712197672e-03
-8.173416892491e-05
-2.212493661425e-07
-6.844255921002e-05
6.503278116650e-03
-6.233977381654e-06
3.442993246935e-03
3.228945800659e-05
-5.905603981365e-06
1.356877329078e-05
-3.464905652324e-03
-4.021333878104e-05
6.509536243358e-03
2.859177647174e-04
-3.248744967564e-07
1.298657886911e-04
3.295739125698e-03
2.344334133642e-06
1.819201574569e-03
4.686290776526e-05
-1.314441682705e-05
2.582303167213e-05
-1.845551127892e-03
-4.366448348540e-05
3.312146750521e-03
3.563011753990e-04
3.731154990930e-11
1.656893332923e-04
-1.586887733893e-03
-1.658132861800e-10
-7.314202658294e-04
7.775222771656e-05
-3.733034155591e-07
1.796437278876e-05
7.752471597894e-04
-9.685393964528e-05
-1.468748266320e-03
-8.269738057221e-05
-8.359679570740e-07
-6.991645615587e-05
6.509704558098e-03
-2.368635927185e-05
3.459187295445e-03
-7.416134187796e-05
-5.606301921302e-06
-5.575228508094e-05
-3.466621809881e-03
8.758518053844e-05
6.526891893215e-03
2.862613830815e-04
-7.780759654504e-07
1.306816789582e-04
3.307681284296e-03
4.141421145291e-05
1.835909156399e-03
-2.275706437048e-05
-5.325531708445e-06
3.159553120154e-05
-1.856367365691e-03
1.616908085514e-05
3.338822702904e-03
3.563011710856e-04
3.731154990930e-11
1.656892395805e-04
-1.582726068685e-03
-1.658201349446e-10
-7.406055359284e-04
-7.682158458642e-05
-4.032787384228e-06
-1.756682200716e-04
7.743828598771e-04
1.012944776859e-04
-1.464304577183e-03
-1.024671594592e-04
1.023611024048e-06
-3.286853915007e-05
6.550940731569e-03
-9.425212642013e-06
3.488956638554e-03
8.237414784991e-05
-5.386066079355e-06
2.187613076151e-05
-3.484237438962e-03
-8.279237534060e-05
6.563874014521e-03
3.164256594901e-04
8.474237007705e-07
1.151550853728e-05
3.294909297031e-03
-3.529011339408e-05
1.837863166449e-03
-1.733850149959e-05
-6.104366387306e-06
-4.520529006962e-05
-1.833388553777e-03
2.564112857072e-05
3.323117523779e-03
3.925663208087e-04
2.003905855520e-10
1.664896795339e-05
-1.585721775987e-03
-1.658224218604e-10
-7.341433159663e-04
6.847963638580e-05
-4.119136072803e-06
1.362533019629e-04
8.199221897676e-04
-3.292010741777e-05
-1.537000651632e-03
-1.006688910736e-04
4.014890587181e-07
-3.194264175415e-05
6.542008859631e-03
1.298955301460e-05
3.476102068417e-03
-1.923256966038e-05
-5.785566690323e-06
-1.776768247816e-07
-3.486728577884e-03
2.063607190842e-05
6.562801033817e-03
3.161907597313e-04
3.695464009000e-07
1.081527086179e-05
3.276205148341e-03
-4.399500866767e-06
1.820514436450e-03
-1.360074074328e-05
-1.318165110840e-05
-3.791868837472e-06
-1.825948902666e-03
8.537738195881e-06
3.305390406754e-03
3.925663164944e-04
2.003905855520e-10
1.664902843921e-05
-1.589133683827e-03
-1.658110971677e-10
-7.264727202399e-04
-1.758846682786e-05
-7.106586977761e-07
1.518404369417e-05
8.207985205172e-04
3.089761256047e-05
-1.540789300023e-03
-1.006628432572e-04
-2.259142803256e-07
-3.197160382246e-05
6.542160183724e-03
-1.425941568843e-05
3.476253537745e-03
1.938099557755e-05
-5.811473340973e-06
-5.759510131005e-07
-3.486793220780e-03
-2.015696483499e-05
6.562930482159e-03
3.162018855162e-04
-2.995750108655e-07
1.079586241305e-05
3.276233205578e-03
3.251296512893e-06
1.820728297550e-03
1.389602680162e-05
-1.305782303866e-05
3.158235971346e-06
-1.825892938927e-03
-8.358861028012e-06
3.305285956321e-03
3.925663121815e-04
2.003905855520e-10
1.664885762857e-05
-1.589205970092e-03
-1.658109547402e-10
-7.263120854599e-04
1.763033166880e-05
-8.009515590729e-07
-1.560874726379e-05
8.209583470648e-04
-3.084790117768e-05
-1.541075263762e-03
-1.024491104594e-04
-8.478899433026e-07
-3.297806617230e-05
6.551366280606e-03
8.187795664156e-06
3.489320759881e-03
-8.222533808869e-05
-5.451853083936e-06
-2.316191695410e-05
-3.484392101703e-03
8.330294135144e-05
6.564235190811e-03
3.164597722195e-04
-7.746311116261e-07
1.142752303946e-05
3.294908191984e-03
3.390151953506e-05
1.838511624698e-03
1.766213918906e-05
-5.827720231246e-06
4.352189519570e-05
-1.833230807573e-03
-2.528006434925e-05
3.322876810718e-03
3.925663078671e-04
4.619294324297e-11
1.664891811438e-05
-1.586181022887e-03
-1.658216511259e-10
-7.331253732768e-04
-6.867701472715e-05
-4.130717441818e-06
-1.338569833946e-04
8.206038426466e-04
3.297529579566e-05
-1.538174059550e-03
-1.056772376041e-04
1.054852073606e-06
8.181397300565e-06
6.596646003898e-03
-4.306512048810e-05
3.516666014596e-03
8.708999526170e-05
-5.267467751963e-06
-1.201133015884e-05
-3.506034927280e-03
-7.418547015925e-05
6.601432041756e-03
2.990050650863e-04
8.291846002122e-07
-1.112222475468e-04
3.278673006418e-03
-2.783302785888e-05
1.830570012965e-03
-2.794435897551e-05
-5.595296809834e-06
-3.704816607439e-05
-1.813122105009e-03
3.716789638590e-05
3.291047756842e-03
3.690358214503e-04
1.251407008625e-10
-1.349244155018e-04
-1.574511792174e-03
-1.658558382960e-10
-7.590051638125e-04
8.769905703297e-05
-4.436706782958e-06
1.089307375061e-04
8.254270510755e-04
-7.437463229669e-06
-1.608948032949e-03
-1.034148028619e-04
4.479444423552e-07
8.241072397980e-06
6.589935002829e-03
1.726121699158e-05
3.513762985825e-03
-1.459242213260e-05
-5.634550832305e-06
5.515195398833e-06
-3.506279472381e-03
1.159062021185e-05
6.611823411739e-03
2.989986131064e-04
3.884413672796e-07
-1.119419153316e-04
3.255601232466e-03
-7.735747357654e-06
1.814925723232e-03
-2.440746538428e-06
-1.298680931751e-05
-2.899576799164e-06
-1.802344720989e-03
9.665401399530e-07
3.276402570989e-03
3.690358171364e-04
2.022395220170e-10
-1.349244321148e-04
-1.576368231818e-03
-1.658484075537e-10
-7.548033794570e-04
7.392164205469e-06
-5.984598766696e-07
1.522430582131e-05
8.232635301265e-04
8.907502669807e-06
-1.617261190358e-03
-1.035524742762e-04
-1.761692087986e-07
8.226059496117e-06
6.590568201084e-03
-1.620371257351e-05
3.514142351214e-03
1.113533211307e-05
-5.656811499192e-06
-5.911974441024e-06
-3.506575542225e-03
-7.484507428511e-06
6.612267892809e-03
2.989459744295e-04
-2.838201646756e-07
-1.119629331789e-04
3.257258726924e-03
7.182660539054e-06
1.815945421643e-03
1.064240012679e-06
-1.277266580140e-05
2.153039628395e-06
-1.803231466746e-03
8.918497503121e-07
3.277521203043e-03
3.690355044273e-04
2.022395220170e-10
-1.349244487297e-04
-1.576425217218e-03
-1.658483287110e-10
-7.546771693052e-04
-7.584962979081e-06
-7.275709947450e-07
-1.592800621706e-05
8.234693892544e-04
-9.080220701186e-06
-1.618000034815e-03
-1.061130097059e-04
-7.798005775647e-07
8.110411030734e-06
6.598118042313e-03
4.439107113980e-05
3.517611746695e-03
-9.109739730453e-05
-5.299392352476e-06
1.095663420782e-05
-3.506649771641e-03
7.858518129691e-05
6.602531556879e-03
2.988271678014e-04
-7.184968074993e-07
-1.113247475933e-04
3.283426638307e-03
2.708612461645e-05
1.833887716448e-03
2.588288610451e-05
-5.133692955737e-06
3.485043729839e-05
-1.815440215425e-03
-3.481135128137e-05
3.294565150125e-03
3.690355001130e-04
4.804187970798e-11
-1.349243882439e-04
-1.574810184496e-03
-1.658554703565e-10
-7.583477245676e-04
-8.649713956771e-05
-4.396343945696e-06
-1.050793049796e-04
8.259230497268e-04
7.395573289406e-06
-1.611940455914e-03
-9.391175324652e-05
1.126774426226e-06
4.724214542483e-05
6.631634560363e-03
-7.504779560525e-05
3.533939291653e-03
8.047243075624e-05
-5.306368624952e-06
-4.903408812949e-05
-3.523751082021e-03
-5.354649590450e-05
6.627601093891e-03
2.344567591489e-04
8.412317395648e-07
-2.180613710259e-04
3.263211304618e-03
-2.162066241904e-05
1.818271841060e-03
-2.801596067271e-05
-5.473966791966e-06
-3.049303550492e-05
-1.802280389489e-03
4.182575460178e-05
3.261317198076e-03
2.892915198428e-04
1.967745177972e-10
-2.659550183655e-04
-1.558127453771e-03
-1.658993000651e-10
-7.953050430466e-04
1.107756897573e-04
-4.193720664578e-06
7.116898560383e-05
7.868296648256e-04
1.559963808022e-06
-1.625767186657e-03
-9.162448791734e-05
5.306745944473e-07
4.620426768996e-05
6.630631716254e-03
1.980541059011e-05
3.539967338493e-03
-1.178072575077e-05
-5.560869127740e-06
9.885433344852e-06
-3.519749718827e-03
4.641448257998e-06
6.640045466203e-03
2.344719974951e-04
4.175179104263e-07
-2.189712832734e-04
3.236799864823e-03
-6.613912454370e-06
1.804446901653e-03
-2.651977288879e-06
-1.269765977026e-05
-2.954011349137e-06
-1.786684038391e-03
3.381772851334e-06
3.244231211044e-03
2.892915155294e-04
4.257687548816e-11
-2.659551120774e-04
-1.558715088744e-03
-1.658946859040e-10
-7.939264607408e-04
1.410238477052e-05
-4.504774845880e-07
8.985722904161e-06
7.797652745927e-04
4.044889409082e-06
-1.633665832334e-03
-9.183149321079e-05
-8.179408449612e-08
4.622852459746e-05
6.631580138230e-03
-1.655665715453e-05
3.540384509437e-03
6.619844477423e-06
-5.535979035173e-06
-9.256161160960e-06
-3.520318839107e-03
7.306335888471e-07
6.640562990937e-03
2.343797892281e-04
-2.519598819278e-07
-2.189859989908e-04
3.239136753565e-03
6.640625176172e-06
1.805585080461e-03
1.298841392055e-07
-1.226320985015e-05
2.290118400585e-06
-1.788276342415e-03
-2.923297560927e-07
3.245577858369e-03
2.892915112150e-04
1.967745177972e-10
-2.659550515915e-04
-1.558664767988e-03
-1.658947195206e-10
-7.940372990997e-04
-1.494841389605e-05
-6.260559974416e-07
-1.009082427784e-05
7.796863701539e-04
-3.821476049969e-06
-1.634954845252e-03
-9.456899340937e-05
-6.624820766424e-07
4.729826185938e-05
6.633724108184e-03
7.875582592583e-05
3.534968910509e-03
-8.659338825402e-05
-5.153687020497e-06
4.910889830563e-05
-3.524906216420e-03
5.916246818374e-05
6.628631418929e-03
2.341290465609e-04
-6.602696234938e-07
-2.181463751104e-04
3.270283969424e-03
2.167928521616e-05
1.822055865933e-03
2.355896798096e-05
-4.607021504799e-06
2.821330393222e-05
-1.806633795761e-03
-3.764248083134e-05
3.265304378825e-03
2.892915069012e-04
4.257687548816e-11
-2.659550682045e-04
-1.557878748126e-03
-1.658993408211e-10
-7.958438692065e-04
-1.060191290931e-04
-4.009843187651e-06
-6.546373164133e-05
7.851561886112e-04
-9.098992417941e-07
-1.630190886378e-03
