-4.156876144998e-10
-0.000000000000e+00
-9.230119213383e-26
0.000000000000e+00
5.636964643094e-11
-0.000000000000e+00
-4.173169660323e-10
-0.000000000000e+00
-9.445961187039e-11
-0.000000000000e+00
5.636964643094e-11
-0.000000000000e+00
-5.940624669137e-10
0.000000000000e+00
-1.571024040584e-10
-0.000000000000e+00
5.636964643094e-11
-0.000000000000e+00
-5.940624669137e-10
-3.719869612494e-54
-1.571024040584e-10
4.139496243031e-10
2.755710001028e-06
2.341858831362e-10
-2.367585505410e-07
-7.086390354731e-10
3.966336833345e-07
3.047351779303e-06
-4.186733617609e-08
1.465625738314e-06
3.498374479202e-08
9.291319094372e-09
-1.068854905539e-09
-1.478092325573e-06
-3.301382185761e-08
2.968511558502e-06
-1.126760642324e-07
-1.006395812148e-09
4.502144377850e-07
1.095256593604e-06
6.504612259208e-09
6.065772734745e-07
-5.129511244549e-08
8.856818919798e-09
-1.155831773996e-08
-4.234634233080e-07
5.000720313823e-08
1.129420232248e-06
-1.178976856416e-07
-1.266711112972e-09
4.525048222031e-07
-1.233592929784e-06
4.462276597537e-08
-5.521653158958e-07
-1.258742824840e-08
1.983655391062e-08
-6.752318740105e-09
5.636125412261e-07
1.453554015895e-08
-1.212394811528e-06
-6.778956590984e-08
-1.348979683030e-09
4.599780184278e-07
2.826771865930e-06
-6.540492384393e-08
1.338484199307e-06
3.571193928670e-08
9.438661245842e-09
-2.577392744089e-08
-1.399447793509e-06
-8.675597959195e-09
2.778878217920e-06
5.194265776725e-08
-2.259699585826e-09
4.621086318154e-07
9.077534199404e-07
-2.619983007154e-08
4.662231346513e-07
4.069740603750e-08
9.731928601029e-09
-3.595095344604e-09
-3.146800384016e-07
-3.628266287184e-08
8.012384881676e-07
4.132379258378e-08
-2.542900846496e-09
4.670685496952e-07
-1.173842996932e-06
-3.806917317277e-08
-5.203280409621e-07
1.218452056908e-07
2.095806448532e-08
-2.258263257180e-08
5.307221467454e-07
-1.324243899894e-07
-1.158424395169e-06
1.132582110206e-07
-1.827411195121e-09
4.483722816609e-07
3.453684232269e-06
-5.505685265001e-08
1.662011681688e-06
2.796234626927e-08
1.056645684539e-08
-2.248017073769e-08
-1.743713934654e-06
-1.462571596350e-08
3.469188370911e-06
2.705769535568e-07
-2.265456745645e-09
3.857193620402e-07
1.772780985841e-06
2.385432473873e-07
8.162874499890e-07
-2.817033659446e-07
8.598148960669e-09
1.277818940158e-07
-7.683811447970e-07
2.074206401541e-07
1.581165997978e-06
2.803923931148e-07
-4.636721946021e-09
3.846351966964e-07
-1.363311737269e-06
3.644110508402e-07
-6.346192988810e-07
-3.459864825743e-07
1.886700341297e-08
1.588861718753e-07
6.615652070975e-07
2.438552870294e-07
-1.415502955852e-06
2.810242881132e-07
-9.395539870695e-09
3.864489053882e-07
1.394267170446e-06
-1.163173894108e-07
6.500877794271e-07
-1.363085585478e-08
8.320245527762e-09
-1.416695460813e-07
-7.023390227653e-07
1.412968483984e-07
1.446106497289e-06
3.012346806351e-07
-1.445363314426e-08
3.689746785653e-07
-4.963012468629e-07
-8.802618202706e-07
-3.325767250032e-07
5.354998620472e-07
9.645136191538e-09
-6.639344547436e-07
2.308145548914e-07
-2.097652578533e-07
-5.952985197712e-07
2.814371889745e-07
-1.298115155410e-08
3.982588591064e-07
-5.062394258364e-07
-1.180303564401e-06
-1.399853412554e-07
6.765751933210e-07
1.891784504368e-08
-8.653075994737e-07
2.246161483553e-07
-3.119839863831e-07
-4.493566934389e-07
3.780569619339e-07
-4.087513617965e-09
2.284377867402e-07
6.342833230406e-06
-6.308735223778e-08
3.235838328730e-06
1.545986163715e-07
8.277854111846e-09
3.206136917700e-08
-3.214325697824e-06
-1.906856550650e-07
6.433977785225e-06
5.089155836092e-07
4.141474159733e-09
-7.223401201754e-08
3.496927533585e-06
1.506043489207e-06
1.569682411695e-06
-3.873601132846e-07
-4.370275888602e-09
1.353333131430e-06
-1.831673342288e-06
-2.682647429049e-07
3.438674444024e-06
5.149501300803e-07
3.123149108568e-09
-7.581748817932e-08
-3.288632210594e-06
1.440309462192e-06
-1.704368044533e-06
-3.160939553751e-07
-5.097573681716e-09
1.302523632099e-06
1.485018103030e-06
-3.116104839661e-07
-3.289852785849e-06
4.938642130093e-07
-8.121187760301e-09
1.682083143989e-07
-4.183780651871e-06
-1.432724040021e-07
-1.737217803988e-06
-1.908907521367e-07
1.157768612361e-08
-2.947967442487e-07
1.738843718898e-06
3.146086434506e-07
-4.229188490765e-06
4.924924988688e-07
-1.598826458113e-08
2.212601742061e-07
2.606801999650e-06
-1.747288166546e-06
1.184775614732e-06
-2.882459551884e-07
-1.459265106131e-08
-1.904435741593e-06
-1.050176916712e-06
1.165494315638e-06
2.581529155315e-06
4.728216697726e-07
-1.718857007976e-08
7.766800076975e-08
1.835526999178e-06
-1.564240389987e-06
9.915608938287e-07
-2.348076881215e-07
-4.091928491267e-09
-1.784937258571e-06
-1.042691230685e-06
1.137342082267e-06
1.785139376162e-06
4.352858209521e-07
-1.039978762045e-08
-9.688984367535e-08
3.371952737946e-06
-1.865711706821e-07
1.866763533933e-06
1.059023614373e-07
7.409146683711e-09
-1.512814940277e-07
-1.840821561358e-06
-1.181633189924e-07
3.411739419029e-06
3.829030876859e-07
-1.942440673654e-09
-2.384871950618e-07
1.056010980737e-06
5.229973718092e-07
5.231887524640e-07
4.576417821777e-07
-7.652632456141e-10
7.373089442991e-07
-5.302357423547e-07
-8.393058649695e-07
1.240181705982e-06
3.855663757550e-07
-6.483901660784e-10
-2.389037505684e-07
-1.120547684142e-06
2.802007797658e-07
-4.992122376762e-07
2.957685451111e-07
1.261510985556e-08
4.648941968432e-07
5.132090654192e-07
-4.957947719857e-07
-1.115953527098e-06
3.617805409755e-07
-3.038678874676e-09
-2.688594044738e-07
2.394847931319e-06
7.861023939749e-08
1.121491665084e-06
-7.861317630942e-08
7.140048617784e-09
1.329106443206e-08
-1.087861653628e-06
1.104752657481e-07
2.325663818681e-06
2.886012502543e-07
-6.031277412813e-09
-3.426963285231e-07
7.691296981460e-07
-4.470894333866e-08
4.206815980846e-07
-2.005470341845e-07
8.260840275030e-09
-1.491526555065e-07
-3.382651072744e-07
2.793189963245e-07
8.940976263115e-07
2.940402327144e-07
-6.510076819347e-09
-3.421005552294e-07
-9.623472943835e-07
-8.621639197018e-08
-4.471619648550e-07
-1.832689850429e-07
1.850229218351e-08
-1.355787649440e-07
4.160618089684e-07
2.188072025723e-07
-9.472339270602e-07
2.293680571408e-07
-4.961573967401e-09
-3.803463424628e-07
3.298972682268e-06
1.265305254564e-08
1.604723570392e-06
-4.812166109610e-08
9.692916521762e-09
-2.941615157615e-08
-1.613472529907e-06
4.762851546826e-08
3.223749464910e-06
9.373725890112e-08
-3.992202601028e-09
-4.388846198007e-07
1.222768352934e-06
-3.174176043832e-08
6.676710975208e-07
9.995045380049e-08
8.203663067730e-09
9.968892011515e-09
-4.736669026046e-07
-1.025518924303e-07
1.254429551354e-06
1.012179919293e-07
-3.287486169694e-09
-4.407157526370e-07
-1.425034679375e-06
-6.604854072546e-08
-6.414829147859e-07
3.408402725653e-08
1.933568176875e-08
-5.409486222838e-09
6.593372108039e-07
-2.624697391628e-08
-1.405572615053e-06
6.515811756284e-08
-2.461992100288e-09
-4.464449796066e-07
2.587704675062e-06
5.227886626434e-08
1.219672046109e-06
-4.385614372298e-08
1.019447804962e-08
8.956153798037e-09
-1.284897238707e-06
2.893209504471e-08
2.546293568303e-06
-5.503719828442e-08
-2.497296693220e-09
-4.482231377260e-07
1.148369780627e-06
3.672915049842e-10
5.810191377862e-07
-2.485135206480e-09
9.904100059667e-09
-1.111684929980e-08
-4.376881567257e-07
7.940159541956e-09
1.048581150357e-06
-5.498888046343e-08
-2.198301196825e-09
-4.517370405877e-07
-1.094445375269e-06
-2.687554784810e-08
-4.834033239444e-07
-3.285302766951e-08
2.012118538310e-08
-1.646813630355e-09
5.063029814851e-07
4.930599648680e-08
-1.087952394494e-06
-1.115220590934e-07
-1.446349183010e-09
-4.375473619797e-07
2.895077533577e-06
5.250081304663e-08
1.381315421077e-06
-3.077048217142e-08
9.974047999331e-09
2.320090227622e-08
-1.456127238108e-06
6.126174845745e-10
2.905422569104e-06
-2.345374790954e-07
-1.536984226944e-09
-3.887387879005e-07
1.225152652869e-06
-2.520583618312e-08
5.405873446043e-07
2.461588078887e-08
9.422646425562e-09
-2.228375232640e-08
-5.081779462700e-07
-1.572000505310e-08
1.043351003668e-06
-2.328059248902e-07
-1.449186394264e-09
-3.938622921515e-07
-1.226507072527e-06
-2.504371002197e-08
-5.527315367711e-07
-9.126593087460e-09
1.974658522449e-08
1.614295419439e-09
5.740451875772e-07
4.101898393294e-08
-1.239313388416e-06
-2.726303696122e-07
-9.887573498788e-10
-3.644124944295e-07
2.745832340413e-06
4.978505500954e-08
1.334957151534e-06
-1.513191236036e-08
9.758946581242e-09
3.619729497501e-08
-1.379753412179e-06
-2.508524647260e-08
2.809046502641e-06
-3.638005561041e-07
-1.323384975776e-09
-2.758778339196e-07
1.171767875658e-06
-1.452815483424e-08
4.565492321085e-07
8.363817484937e-09
9.151787520489e-09
-1.836211345266e-08
-5.592638053217e-07
-4.467215509314e-09
1.024816348094e-06
-3.648331694775e-07
-1.387887455018e-09
-2.802060728846e-07
-1.148161290285e-06
2.783213460375e-09
-5.238288202072e-07
-1.124582221890e-08
1.964661500911e-08
1.410239574853e-08
5.320394793598e-07
4.617839089155e-08
-1.170175610808e-06
-3.927763937877e-07
-1.019022405141e-09
-2.334113344440e-07
2.815501192712e-06
3.433238849254e-08
1.400759079733e-06
1.990463268663e-09
9.496470698472e-09
3.855521980201e-08
-1.389284442429e-06
-4.383305373841e-08
2.893176711642e-06
-4.438779565797e-07
-1.411232565303e-09
-1.149112869108e-07
1.097973465653e-06
-1.898488775438e-08
4.106731642447e-07
2.506703509124e-09
8.715109988903e-09
-2.342319661642e-08
-5.883564198413e-07
1.909518480821e-09
1.066652734358e-06
-4.461263112028e-07
-1.515946976164e-09
-1.197445305795e-07
-1.170428922447e-06
1.965267705937e-08
-5.425811280223e-07
-4.354167394746e-09
1.936335254287e-08
1.668079595474e-08
5.347568754121e-07
4.154960039275e-08
-1.192488700988e-06
-4.539148807168e-07
-1.154134552108e-09
-6.620174286874e-08
2.841411262958e-06
1.564422410581e-08
1.431707321357e-06
1.628587899626e-08
9.271168018865e-09
3.565683557458e-08
-1.368114200732e-06
-5.387498363118e-08
2.887385787451e-06
-4.557694771068e-07
-1.524244418810e-09
6.250124945855e-08
1.010892504824e-06
-1.371359395175e-08
4.160452301926e-07
-7.176011214945e-09
8.602365695643e-09
-1.974667485089e-08
-5.637613731863e-07
8.323098033239e-09
1.114004655947e-06
-4.597132097727e-07
-1.582841588105e-09
5.851490686450e-08
-1.167321210725e-06
3.723808167378e-08
-5.443388599026e-07
2.012968500346e-09
1.923119196868e-08
2.013724595851e-08
5.244285038038e-07
2.963599683931e-08
-1.178917638301e-06
-4.459269916301e-07
-1.151215525044e-09
1.125901362106e-07
2.913642061934e-06
-6.113234036701e-09
1.460187506666e-06
2.713454277401e-08
9.141310711791e-09
2.624131694721e-08
-1.382222712188e-06
-5.421109046941e-08
2.901188649140e-06
-3.979495619745e-07
-1.438893960431e-09
2.333197862240e-07
9.667881616359e-07
-1.021073757973e-08
4.707649308245e-07
-1.682183669151e-08
8.491148197368e-09
-1.761524469877e-08
-5.026753343141e-07
1.660132548553e-08
1.145273438254e-06
-4.034330163182e-07
-1.432617084194e-09
2.306235537342e-07
-1.187685908323e-06
4.581015884678e-08
-5.508895366201e-07
7.861799729315e-09
1.929125640797e-08
1.693597493909e-08
5.287125509065e-07
1.494166770914e-08
-1.182217764074e-06
-3.700887360986e-07
-9.551326830067e-10
2.751860433654e-07
2.946846597790e-06
-2.719024770955e-08
1.448249072047e-06
3.364949876335e-08
9.132999642494e-09
1.297854428976e-08
-1.401497113281e-06
-4.625684910504e-08
2.883075949741e-06
-2.801878020296e-07
-1.221069324686e-09
3.678186134310e-07
9.486572705278e-07
-2.227589956472e-09
5.234332191015e-07
-2.152018307141e-08
8.656105104307e-09
-8.667344190768e-09
-4.190906879509e-07
1.872627723069e-08
1.098634362850e-06
-2.872152641313e-07
-1.209434637979e-09
3.667490856668e-07
-1.196224859219e-06
4.986475197447e-08
-5.460703817138e-07
1.997679280421e-08
1.956464997888e-08
1.697880790096e-08
5.335790422325e-07
-1.252600924725e-08
-1.178191664799e-06
-2.356345371674e-07
6.887561480872e-11
3.966610368850e-07
3.068437559369e-06
9.427595509296e-09
1.473424056321e-06
-2.084357287333e-10
8.551603519576e-09
8.692138943219e-09
-1.489731504006e-06
-4.689465454778e-09
2.989038872044e-06
-1.142574381913e-07
-4.554573979972e-11
4.494827809091e-07
1.030220618295e-06
1.784545042860e-10
5.778129194021e-07
-8.581352238836e-09
1.305836495586e-08
-3.494955398106e-09
-3.852953994945e-07
2.083756683635e-09
1.054943269654e-06
-1.202402344785e-07
-1.542072177867e-10
4.515559919810e-07
-1.205049514607e-06
6.426000695095e-09
-5.461861919834e-07
-3.295839330674e-08
1.169291143962e-08
-1.764300215028e-08
5.471058676965e-07
4.713692561099e-08
-1.189871844035e-06
-6.641335981233e-08
-5.573345917083e-10
4.586860201516e-07
2.922696356261e-06
-7.118853728636e-09
1.383636369670e-06
6.772101969731e-09
8.567992000356e-09
-2.616813080372e-09
-1.449822848988e-06
-2.626466773934e-09
2.877805991104e-06
5.683732384022e-08
-1.269315340339e-09
4.610420383831e-07
9.519826905251e-07
-4.386257636998e-08
4.859443047278e-07
6.477348990790e-08
1.323240128036e-08
-1.170088436792e-08
-3.333131154581e-07
-5.990312037867e-08
8.371032031134e-07
4.866326620055e-08
-1.388889644297e-09
4.655943357884e-07
-1.165641415925e-06
-4.635650176443e-08
-5.219928769249e-07
7.441302157970e-08
1.200031959073e-08
-2.028739234044e-08
5.275433271833e-07
-6.486798751563e-08
-1.147528503219e-06
1.141650449472e-07
-1.004860844669e-09
4.479067126102e-07
3.260067380154e-06
4.316012505463e-09
1.564265552152e-06
5.808052052900e-09
8.881839058806e-09
1.033000221597e-08
-1.645356876990e-06
-2.845890718180e-08
3.277110593379e-06
2.512555704729e-07
-1.311421556073e-09
3.939094905268e-07
1.357089003476e-06
1.782125280649e-07
5.987913901149e-07
-2.153130610823e-07
1.276699227198e-08
9.286004110183e-08
-5.785910285877e-07
1.511712706636e-07
1.157075519459e-06
2.529601851840e-07
-3.584629385677e-09
3.972519645003e-07
-1.245879575294e-06
3.266029921313e-07
-5.710882654773e-07
-3.327388215054e-07
1.083998014915e-08
1.482101167832e-07
5.839621106027e-07
2.699199894366e-07
-1.261855522555e-06
2.797624434138e-07
-8.605219718959e-09
3.769735243328e-07
2.299704302493e-06
-7.156068969386e-08
1.103366870019e-06
-1.160248407567e-08
8.526739825029e-09
-9.556916521608e-08
-1.146526506673e-06
1.020499193987e-07
2.364348725881e-06
3.422496152172e-07
-1.354672631999e-08
3.171427215274e-07
4.182269592320e-07
-8.202802821737e-07
9.302866537524e-08
4.891199755155e-07
1.277838417305e-08
-6.132981108649e-07
-1.850563551795e-07
-1.685315909501e-07
2.752151864857e-07
3.317883300768e-07
-1.194141311444e-08
3.352065464160e-07
-9.902841448005e-07
-1.019990064056e-06
-4.126976808946e-07
5.882051213006e-07
1.225324476791e-08
-7.313611567807e-07
4.569889905342e-07
-2.428073348681e-07
-9.689897064059e-07
3.903423029798e-07
-3.386417045613e-09
2.330197065390e-07
4.543558094052e-06
-2.840846633521e-08
2.324844848545e-06
1.607962019777e-07
8.423738863460e-09
6.730288580129e-08
-2.308181563059e-06
-2.449805610603e-07
4.633446684452e-06
4.829241338215e-07
4.605360584656e-09
2.333818291515e-08
2.402182448842e-06
1.182294142704e-06
1.059581104010e-06
-2.729712385398e-07
9.129941463724e-09
1.066920585222e-06
-1.303538099748e-06
-2.557174014249e-07
2.388468570255e-06
4.900480102399e-07
3.481059743456e-09
1.783105254991e-08
-2.169546082021e-06
1.202853183330e-06
-1.132744176764e-06
-2.877239527441e-07
9.423579218867e-09
1.054143460075e-06
9.613235122139e-07
-1.818443720905e-07
-2.190013561435e-06
4.785243512949e-07
-7.168654595694e-09
1.497831106597e-07
-1.875139974079e-06
-6.023705938394e-08
-8.104629966780e-07
-1.884114835654e-07
9.436269836194e-09
-2.012011963315e-07
7.852015836231e-07
3.152735869780e-07
-1.913159442769e-06
4.715599041200e-07
-1.609519989100e-08
8.031006434242e-08
4.021105896978e-06
-1.519478315955e-06
1.760611920332e-06
-2.527403159130e-07
8.328736071976e-09
-1.628314272287e-06
-1.716877092535e-06
9.656935405463e-07
3.996393690518e-06
4.547873794396e-07
-1.705535639342e-08
-5.419253177088e-08
1.554554963879e-07
-1.376568214859e-06
9.338032039204e-08
-2.169638430059e-07
7.447270287050e-09
-1.531950000441e-06
-1.200903082686e-07
9.888819560188e-07
2.038201817942e-07
4.445884295420e-07
-9.675239690284e-09
-1.072917019416e-07
1.458341795889e-06
-1.827808050823e-07
8.350623128909e-07
1.244509668689e-07
7.975783389737e-09
-1.127523192692e-07
-7.897161024688e-07
-1.728636789175e-07
1.483996852480e-06
4.179667903033e-07
-1.399990204275e-09
-1.822109317177e-07
8.708957922540e-07
4.826058086630e-07
4.358931225173e-07
4.254575480321e-07
1.043241728760e-08
6.827893120690e-07
-4.523167500173e-07
-7.849470315054e-07
9.906477779093e-07
4.089438311995e-07
2.115654060110e-10
-2.017597388273e-07
-2.855325376728e-07
3.036267993657e-07
-1.326761538473e-07
2.795077222257e-07
1.013502796194e-08
4.587280864265e-07
1.106088425047e-07
-4.617462490951e-07
-2.736368452392e-07
3.564034836609e-07
-2.385128658770e-09
-2.675199325413e-07
2.941277396841e-06
4.868887712919e-08
1.388430249432e-06
-5.488041126611e-08
8.062585607349e-09
1.443137006713e-08
-1.352100822132e-06
7.812325582905e-08
2.884546877244e-06
2.705722879755e-07
-5.156083960281e-09
-3.551211841669e-07
8.072624608844e-07
-5.227738904393e-08
4.556304600321e-07
-2.303231813187e-07
1.253954572213e-08
-1.602355286639e-07
-3.447576659876e-07
3.133958022985e-07
9.490081309693e-07
2.809502033921e-07
-5.468583463005e-09
-3.513865228724e-07
-1.191381073287e-06
-3.699917887926e-08
-5.558212435617e-07
-1.556432619992e-07
1.153885435981e-08
-1.030691355297e-07
5.370069995571e-07
1.827707940038e-07
-1.189597528838e-06
2.274326123373e-07
-4.140836744375e-09
-3.825405664602e-07
3.160620233209e-06
-3.788285775665e-08
1.531974336595e-06
-8.532695317909e-09
9.104524024625e-09
-3.310474478309e-08
-1.547319448359e-06
1.347368275360e-08
3.082860124612e-06
9.895968427854e-08
-3.053360891410e-09
-4.384255349776e-07
1.166801570478e-06
-2.575122996366e-08
6.442427151849e-07
5.059746895044e-08
1.304610058546e-08
-2.609059601562e-10
-4.447825966709e-07
-4.665826603167e-08
1.192576317179e-06
1.048261630414e-07
-2.181266802557e-09
-4.407339401621e-07
-1.338384550603e-06
-2.268616616643e-08
-6.047698341856e-07
4.465639647623e-08
1.186611500067e-08
5.204766618783e-09
6.158661665577e-07
-4.921077142973e-08
-1.321311166671e-06
6.341651765478e-08
-1.630083411035e-09
-4.464295459386e-07
2.669722831383e-06
-4.245386824421e-09
1.258193427025e-06
-1.001835945076e-08
9.098198439700e-09
-1.238312162261e-08
-1.326180113634e-06
1.702554924685e-08
2.630384620835e-06
-5.687295686994e-08
-1.489244208055e-09
-4.484752516703e-07
1.107799426882e-06
1.282472394848e-08
5.581272948673e-07
-2.733317510051e-08
1.345601111801e-08
-5.213859893213e-09
-4.143846962735e-07
3.446293340428e-08
9.949062043384e-07
-5.578887432797e-08
-1.056232123217e-09
-4.521141189342e-07
-1.098112125607e-06
-1.192166638051e-08
-4.914117678494e-07
1.561020623766e-09
1.216177946615e-08
-2.346936160055e-09
5.035133943219e-07
-4.502026307184e-09
-1.089384302498e-06
-1.127604989571e-07
-6.278810053670e-10
-4.370205582545e-07
2.928222587735e-06
-4.106956518173e-09
1.397877944529e-06
-1.017003994576e-08
8.945792721888e-09
-9.803084572968e-09
-1.473185585307e-06
1.376139581521e-08
2.943626063756e-06
-2.344099168337e-07
-5.510777066711e-10
-3.890712105245e-07
1.179518822301e-06
1.006340383535e-08
5.124370919217e-07
-9.571276647476e-09
1.328819139973e-08
-1.471547191574e-09
-4.881904727613e-07
1.277261816745e-08
9.883416981568e-07
-2.323060070124e-07
-3.230136633577e-10
-3.944457586529e-07
-1.213918828400e-06
-2.185441649113e-08
-5.484864765477e-07
1.340713311699e-08
1.199169298790e-08
-6.930696724823e-09
5.641392345633e-07
-1.036334449968e-08
-1.218530372750e-06
-2.732479167715e-07
-1.809174309009e-10
-3.632323947324e-07
2.798865531006e-06
2.718976627789e-09
1.362720660100e-06
-9.724283796529e-09
8.846732217999e-09
-2.523424902882e-09
-1.404423700813e-06
9.080001864297e-09
2.865092858014e-06
-3.641385368025e-07
-3.446129408531e-10
-2.754303340928e-07
1.129060241462e-06
2.402503417212e-08
4.291401001899e-07
-1.212700808015e-08
1.329933880680e-08
1.064336766042e-08
-5.448471199259e-07
6.863664368186e-09
9.802033902203e-07
-3.647999778399e-07
-2.756271283147e-10
-2.803349599509e-07
-1.149838545213e-06
-1.735621892757e-08
-5.226349991746e-07
7.933059576804e-09
1.190703399966e-08
-5.288564995601e-09
5.319512163654e-07
-2.117844705551e-09
-1.162007515961e-06
-3.927780092427e-07
-2.274706143123e-10
-2.320830296675e-07
2.864473843211e-06
5.061293420155e-09
1.426573524144e-06
-9.337435223135e-09
8.722832008808e-09
1.522307739570e-09
-1.410273547831e-06
6.700351869423e-09
2.940925865437e-06
-4.439117540856e-07
-4.498729175579e-10
-1.144515875059e-07
1.054061054721e-06
2.527197038015e-08
3.860419189348e-07
-6.387281069117e-09
1.318233843164e-08
1.526675705902e-08
-5.749924000777e-07
-3.799783335957e-09
1.030034721660e-06
-4.461083031191e-07
-4.163009784873e-10
-1.198261571552e-07
-1.170174759540e-06
-1.486634421480e-08
-5.380992929975e-07
5.637348457150e-09
1.179783511204e-08
-5.958739912666e-09
5.372787751695e-07
3.806653403734e-09
-1.185546035069e-06
-4.534078490332e-07
-3.705659808137e-10
-6.488995715073e-08
2.892652898061e-06
7.925369118633e-09
1.457399368640e-06
-7.371291277275e-09
8.663023279921e-09
6.145795203243e-09
-1.390939709948e-06
3.781378194862e-09
2.935873004101e-06
-4.556424740112e-07
-5.746249355019e-10
6.314905986863e-08
9.666078762920e-07
2.435014855331e-08
3.969252225359e-07
-7.131831635079e-11
1.310807758364e-08
1.887771785742e-08
-5.475759224143e-07
-1.398644949795e-08
1.083196027079e-06
-4.597565807790e-07
-4.896478669434e-10
5.864427602471e-08
-1.166690832887e-06
-9.621279771389e-09
-5.399153548091e-07
2.654721632418e-09
1.172919467832e-08
-5.284635049068e-09
5.296305224628e-07
8.567823632604e-09
-1.178118129811e-06
-4.450547190132e-07
-3.754578425371e-10
1.135993814813e-07
2.961776266006e-06
9.603904906706e-09
1.482888750867e-06
-5.475675766769e-09
8.577553540532e-09
8.548720265692e-09
-1.404610223694e-06
1.785135201393e-09
2.945498654923e-06
-3.977451714217e-07
-4.946409064344e-10
2.337379316748e-07
9.232710901888e-07
1.697245135544e-08
4.568218430130e-07
5.586230313006e-09
1.303842797194e-08
1.621370687296e-08
-4.812716307602e-07
-1.982113461828e-08
1.113326094409e-06
-4.035406637069e-07
-3.410409937861e-10
2.306884236939e-07
-1.181529868730e-06
-5.433292921424e-09
-5.469732571419e-07
-7.424850448774e-10
1.169942496023e-08
-6.698964243705e-09
5.315702594890e-07
1.313287679779e-08
-1.182846881376e-06
-3.689892240086e-07
-1.828789854232e-10
2.757226057238e-07
2.993186370880e-06
9.307162696128e-09
1.468876988697e-06
-2.783490410001e-09
8.561033398000e-09
9.162067762790e-09
-1.424568476206e-06
-7.903982102803e-10
2.926148129453e-06
-2.798005151590e-07
-2.727530616687e-10
3.681565205259e-07
9.160439605316e-07
7.999961013978e-09
5.149989584724e-07
1.128158824499e-08
1.303820791408e-08
1.252334918450e-08
-3.980485663380e-07
-2.385652467500e-08
1.068237355426e-06
-2.868933982439e-07
-1.066850123880e-10
3.671104139615e-07
-1.182789546752e-06
9.583706877564e-10
-5.434875564770e-07
6.441945347080e-10
1.175087149447e-08
-3.630423704830e-09
5.301924473778e-07
8.764794149384e-09
-1.173964189370e-06
-2.358561621288e-07
7.641992948033e-10
3.965823146942e-07
3.044093253349e-06
-5.074913262698e-09
1.461090119137e-06
-5.481984753251e-09
8.461771032458e-09
-1.053397141873e-08
-1.477400922600e-06
7.772934595628e-09
2.964669225305e-06
-1.161591173461e-07
9.899038236822e-10
4.486566048467e-07
9.981306200576e-07
6.013067834110e-09
5.607630925198e-07
-3.909017451899e-08
1.273517367791e-08
-1.689974255578e-08
-3.708787760574e-07
5.295602928650e-08
1.023005747468e-06
-1.224331869008e-07
7.062939799817e-10
4.505431181025e-07
-1.183035026999e-06
-2.382865457407e-09
-5.375974311429e-07
-2.193008905728e-08
1.136665690659e-08
-7.394821023588e-09
5.350723886086e-07
1.881673004200e-08
-1.167551581734e-06
-6.635282382498e-08
1.300063757401e-10
4.578452140727e-07
2.968694095425e-06
-1.511037421470e-08
1.405801832932e-06
-5.324751931280e-09
8.237455135382e-09
-1.816903863834e-08
-1.473367954569e-06
1.415586442486e-08
2.924413542147e-06
6.063367393772e-08
-2.295647764932e-10
4.600809505166e-07
1.019997673260e-06
-1.780496880439e-08
5.165373673439e-07
3.002435740607e-08
1.256151932275e-08
-1.221923307873e-08
-3.676394736895e-07
-1.402170287197e-08
9.039471222533e-07
5.511520360119e-08
-5.286920707705e-10
4.641778853488e-07
-1.146212299278e-06
-6.459273070898e-08
-5.156161058470e-07
8.691790190101e-08
1.114271240891e-08
-1.503311812919e-08
5.211619845372e-07
-8.631695066629e-08
-1.131213412456e-06
1.139231380905e-07
-3.214931784727e-10
4.483101496709e-07
3.035871222333e-06
2.183772785282e-09
1.450737015886e-06
-1.164585999918e-08
7.870057862003e-09
-4.039393444851e-10
-1.530305315714e-06
-8.837286993639e-09
3.049575126928e-06
2.328240315392e-07
-2.934129048710e-10
4.017985459495e-07
9.769008375184e-07
2.172539227185e-07
4.216484394054e-07
-2.454768283134e-07
1.263819649434e-08
1.044980203535e-07
-3.907108477323e-07
1.827640299184e-07
7.886558428528e-07
2.270080848562e-07
-2.744312236595e-09
4.090850047498e-07
-1.153456183817e-06
2.996458257581e-07
-5.122388329583e-07
-3.166760606687e-07
1.174153877458e-08
1.475491315108e-07
5.299099181462e-07
2.556299005415e-07
-1.142554315939e-06
2.780399868571e-07
-7.918120632558e-09
3.692939295663e-07
3.134653588018e-06
-6.482330355273e-08
1.518108641612e-06
-3.140313109089e-08
7.907663736391e-09
-9.733916670579e-08
-1.560186658408e-06
1.193174484731e-07
3.206759024778e-06
3.803006202514e-07
-1.250472262334e-08
2.693035268828e-07
1.317794541010e-06
-7.635460868722e-07
4.969976084120e-07
4.602815988890e-07
1.284854474957e-08
-5.847387674095e-07
-6.311715159240e-07
-1.537229967291e-07
1.164397000765e-06
3.791062264786e-07
-1.106228893862e-08
2.767895545394e-07
-1.416535464060e-06
-1.038908667331e-06
-6.575241514680e-07
5.943234541086e-07
1.102979870014e-08
-7.307489814918e-07
6.571235685873e-07
-2.446800525711e-07
-1.439074347234e-06
4.022510080321e-07
-2.699639915331e-09
2.386454384807e-07
2.777030914197e-06
-1.444099993700e-08
1.435395078030e-06
1.369166774764e-07
9.286091357054e-09
7.265731718479e-08
-1.415940228268e-06
-2.261395341434e-07
2.853107446540e-06
4.604974745480e-07
5.657935547166e-09
1.095846427984e-07
1.508137123080e-06
1.223595244812e-06
6.538083246111e-07
-2.879521673471e-07
1.462240200787e-08
1.090293158678e-06
-8.315787321067e-07
-2.588445039554e-07
1.474060866233e-06
4.669490426559e-07
4.465911505075e-09
1.017417404701e-07
-1.210558411410e-06
1.182801903624e-06
-6.300613495391e-07
-2.914042968166e-07
1.428857515182e-08
1.044875163375e-06
5.337251709765e-07
-1.881702242023e-07
-1.212788854346e-06
4.635665698441e-07
-6.677608431468e-09
1.342711064611e-07
2.601313359704e-07
-4.904734345422e-08
8.653111109357e-08
-1.842599865281e-07
1.413653464440e-08
-1.858914648479e-07
-1.061865363953e-07
3.011989656127e-07
2.314185799740e-07
4.515938992755e-07
-1.525522582046e-08
-4.905625138535e-08
5.407527330806e-06
-1.502183601458e-06
2.374098857023e-06
-2.465561928254e-07
1.254873084599e-08
-1.608363587746e-06
-2.354962238340e-06
9.563239715337e-07
5.449883150962e-06
4.374956083959e-07
-1.611503764025e-08
-1.766228631902e-07
-1.443576771574e-06
-1.369054782808e-06
-8.059279271963e-07
-2.142561350166e-07
1.199336426702e-08
-1.531160811164e-06
7.063404419809e-07
9.969248567572e-07
-1.378698398372e-06
4.541492819961e-07
-9.026466059440e-09
-1.161128575199e-07
-4.586371352642e-07
-1.808408262939e-07
-1.935553208342e-07
1.143692218597e-07
1.049586342032e-08
-1.085326158345e-07
2.391083718901e-07
-1.641152786948e-07
-4.637355555002e-07
4.521536313814e-07
-3.784924094633e-10
-1.269981103266e-07
7.670076081084e-07
5.013871493966e-07
4.034908073269e-07
4.318483626584e-07
1.608553500048e-08
6.980962081905e-07
-3.931036325522e-07
-8.062283806927e-07
8.236984674107e-07
4.313818300983e-07
1.170813159588e-09
-1.654126249113e-07
5.500842419058e-07
2.999293951747e-07
2.667801240877e-07
2.821578390677e-07
1.405935954575e-08
4.492707612100e-07
-2.571075223794e-07
-4.432223687557e-07
5.605793169971e-07
3.519323055019e-07
-1.637301715540e-09
-2.655769785898e-07
3.445038895644e-06
6.751964818929e-08
1.634630040136e-06
-5.664848358760e-08
8.820330918909e-09
3.263879190204e-08
-1.592717328828e-06
7.137907811723e-08
3.405442932991e-06
2.527518298425e-07
-4.110973288302e-09
-3.671105331622e-07
8.725175849493e-07
-4.289271418133e-08
4.954998819402e-07
-2.146519335664e-07
1.347107159810e-08
-1.405086332587e-07
-3.749918138358e-07
2.741913136836e-07
1.034003205326e-06
2.680648734077e-07
-4.577080074087e-09
-3.602319054282e-07
-1.454330564807e-06
-4.121091063447e-08
-6.781030225829e-07
-1.657489687461e-07
1.250243765044e-08
-1.188608058127e-07
6.618204767068e-07
2.160352434669e-07
-1.441003973433e-06
2.269642359223e-07
-3.426123344684e-09
-3.844111384658e-07
2.982246882171e-06
-2.358598305349e-08
1.442946651510e-06
-3.247730339893e-09
9.031780086072e-09
-1.416476399603e-08
-1.460998167446e-06
1.186976148851e-09
2.902452047848e-06
1.041453333487e-07
-1.980522348794e-09
-4.379186479689e-07
1.159614057549e-06
-3.071786068904e-08
6.396049040616e-07
7.933734707907e-08
1.359776830790e-08
1.231434500329e-08
-4.445503101406e-07
-9.512552917262e-08
1.183250911794e-06
1.079238022932e-07
-1.277944255264e-09
-4.407258343457e-07
-1.261561586744e-06
-1.428293601079e-08
-5.693285971515e-07
3.289971849406e-08
1.206364549402e-08
-5.412216653981e-09
5.796381832315e-07
-2.060599137777e-08
-1.247172429729e-06
6.312922147756e-08
-9.177640569724e-10
-4.468366903703e-07
2.699369011025e-06
2.385126735281e-09
1.272547877248e-06
2.621741630836e-09
8.691680589968e-09
1.932809238079e-09
-1.339456574636e-06
6.419706865266e-10
2.659606077956e-06
-5.768721019798e-08
-4.185150609427e-10
-4.488649880219e-07
1.093885065069e-06
-1.238996907897e-08
5.512113241742e-07
6.972886008958e-09
1.323364307854e-08
-4.608719380480e-09
-4.075911043137e-07
-1.026468058829e-08
9.818762298285e-07
-5.611846715643e-08
-1.496371084615e-10
-4.525151796196e-07
-1.100063663441e-06
5.153918063994e-09
-4.927338502965e-07
-9.784293787570e-09
1.191585108555e-08
-7.697117839095e-09
5.039611661186e-07
1.509781618866e-08
-1.089880218587e-06
-1.128916050965e-07
8.257896587493e-11
-4.374134485274e-07
2.923882601418e-06
-2.604045787372e-09
1.395369625516e-06
6.875749704510e-09
8.656511306445e-09
1.743667720784e-11
-1.470954990986e-06
-4.917663611800e-09
2.939631378708e-06
-2.340288384723e-07
5.052093273182e-10
-3.896204062971e-07
1.166999685450e-06
-2.723666287111e-08
5.064537632009e-07
1.913913934869e-08
1.304460925275e-08
-1.218848658274e-08
-4.823459721904e-07
-1.682247292976e-08
9.773785978105e-07
-2.318650169032e-07
5.691057671478e-10
-3.949576231836e-07
-1.203797882810e-06
4.637027890107e-09
-5.434462963904e-07
-2.341801058746e-09
1.176221397763e-08
-5.786615080333e-09
5.591313557637e-07
3.788411071494e-09
-1.206827848566e-06
-2.732474086102e-07
5.246665526877e-10
-3.633499229638e-07
2.806234849664e-06
-3.573739516623e-09
1.366188305940e-06
9.827592443004e-09
8.722661082716e-09
-3.646515906162e-10
-1.407860437662e-06
-8.378189162310e-09
2.872575184087e-06
-3.641532618640e-07
7.174715214104e-10
-2.754960691203e-07
1.123195835108e-06
-2.448448286478e-08
4.263469722471e-07
1.183624798072e-08
1.315204833524e-08
-1.224258672736e-08
-5.416799308052e-07
-6.862808816998e-09
9.746388543373e-07
-3.646884187659e-07
6.186183895490e-10
-2.805242960005e-07
-1.149680107481e-06
1.102530927225e-08
-5.222160537631e-07
-5.064975470296e-09
1.179063688262e-08
6.244959623256e-10
5.321421962163e-07
2.612556799622e-10
-1.161473933436e-06
-3.927148568372e-07
4.770744808983e-10
-2.321533437489e-07
2.868097873363e-06
-7.357433554258e-09
1.428391236468e-06
1.100825662484e-08
8.709195479210e-09
-3.269982867758e-09
-1.411995064593e-06
-8.177063807805e-09
2.944613264459e-06
-4.438880470137e-07
6.029123847471e-10
-1.144134492131e-07
1.054100830821e-06
-2.422873434114e-08
3.859507263374e-07
7.010276962917e-09
1.315185597949e-08
-1.429371556111e-08
-5.749624609703e-07
1.952149438642e-09
1.030050089652e-06
-4.460743787060e-07
4.694067194705e-10
-1.198385014124e-07
-1.171819736885e-06
1.380009133348e-08
-5.388738895714e-07
-4.681133258003e-09
1.180315801083e-08
5.658095829297e-09
5.380329991150e-07
-5.156243578317e-09
-1.187287113663e-06
-4.533777318967e-07
3.345626588095e-10
-6.488830515028e-08
2.894751836836e-06
-8.895718000091e-09
1.458495075147e-06
8.138172805478e-09
8.733902160004e-09
-6.130176511244e-09
-1.392052576823e-06
-4.709353132423e-09
2.937962179236e-06
-4.556216552562e-07
4.785637438000e-10
6.331532840703e-08
9.694444662106e-07
-2.057870134069e-08
3.982381450210e-07
6.539251346724e-10
1.313750488724e-08
-1.472208163933e-08
-5.492068982924e-07
1.105616327471e-08
1.086308253418e-06
-4.597552474487e-07
3.902679839510e-10
5.879286788941e-08
-1.170451233284e-06
1.319337305342e-08
-5.417282201274e-07
-2.503272640715e-09
1.178052340116e-08
8.994626696907e-09
5.311779230025e-07
-1.067014400462e-08
-1.181598228579e-06
-4.451047363779e-07
3.253028724972e-10
1.135963221973e-07
2.960480892057e-06
-9.342075323993e-09
1.482390338797e-06
4.188899342104e-09
8.687743858124e-09
-8.642480722954e-09
-1.404018088450e-06
2.493636353861e-10
2.944241704536e-06
-3.977927151479e-07
5.532101529329e-10
2.337668243532e-07
9.254247341243e-07
-1.528383043025e-08
4.579897437289e-07
-6.802498735663e-09
1.305437920159e-08
-1.545082639263e-08
-4.823691689758e-07
2.089690404850e-08
1.115682401508e-06
-4.035839877638e-07
5.328999317506e-10
2.307412624902e-07
-1.183137357954e-06
8.119248980433e-09
-5.477367033312e-07
-3.813012234163e-10
1.171228787356e-08
8.061782278558e-09
5.323435785742e-07
-1.286568844446e-08
-1.184226283007e-06
-3.691192939312e-07
5.160736378091e-10
2.756669581553e-07
2.990434946631e-06
-8.616620961208e-09
1.467504755296e-06
-5.590209101272e-10
8.618491575832e-09
-1.054782181268e-08
-1.423243562172e-06
5.318401610465e-09
2.923195418026e-06
-2.798470931160e-07
7.736160516000e-10
3.681670743239e-07
9.223340455268e-07
-6.166944511051e-09
5.178991702588e-07
-1.254359516314e-08
1.294003611096e-08
-1.215918742596e-08
-4.010000967666e-07
2.642712605128e-08
1.073791083953e-06
-2.866133283342e-07
7.631048086553e-10
3.673399449195e-07
-1.176146559742e-06
3.439767870880e-09
-5.407004417898e-07
6.244981779240e-09
1.158872101437e-08
9.508304195424e-09
5.275266370533e-07
-1.989160566091e-08
-1.167492154913e-06
-2.374661757524e-07
1.524978984301e-09
3.964674818468e-07
2.976016132978e-06
4.669541871108e-08
1.429553216831e-06
-4.130510915962e-08
8.868279768932e-09
9.163140504939e-10
-1.441850411451e-06
3.589869710910e-08
2.896703600640e-06
-1.184099085989e-07
1.897544964125e-09
4.478197916040e-07
1.005857600120e-06
-1.982131732245e-09
5.586098918434e-07
2.956749840493e-09
7.904987793276e-09
-6.989437586318e-09
-3.818769958891e-07
5.160691785232e-09
1.036440391224e-06
-1.245321641810e-07
1.752822263472e-09
4.495537749970e-07
-1.172031211462e-06
-3.984321799036e-08
-5.284048432618e-07
-4.375700966588e-08
1.849213235910e-08
-1.609749966919e-08
5.293391999581e-07
5.257182328423e-08
-1.149404936671e-06
-6.751778423667e-08
8.655663964734e-10
4.575042987619e-07
2.971622589363e-06
4.270100457062e-08
1.407461677039e-06
-3.211387243867e-08
8.451577956199e-09
5.988970316140e-09
-1.473866622391e-06
1.896334552110e-08
2.925256124585e-06
6.426891467594e-08
6.455492847856e-10
4.592255058306e-07
1.121273106613e-06
-4.566620918788e-08
5.670110554905e-07
7.860291481889e-08
7.140838696277e-09
-1.959230848205e-08
-4.217680594106e-07
-6.082238895638e-08
1.022969343286e-06
6.188233892686e-08
4.852475229057e-10
4.626981610434e-07
-1.142542907269e-06
-8.938968571562e-08
-5.080351727502e-07
7.018935803357e-08
1.764671866443e-08
-1.583263443486e-08
5.284036374514e-07
-4.769183513369e-08
-1.126053384649e-06
1.128285782432e-07
3.765810635965e-10
4.496296817342e-07
2.765426230259e-06
5.649118335604e-08
1.313725115618e-06
-2.368819502578e-08
7.316605043041e-09
3.226625013290e-08
-1.393149086618e-06
-2.989647680929e-08
2.772560350287e-06
2.134749086079e-07
5.789449027969e-10
4.101258126645e-07
6.358351955307e-07
1.889873546585e-07
2.526327520817e-07
-2.273651510565e-07
7.431151300596e-09
8.654920359574e-08
-2.349285887634e-07
1.731845536179e-07
4.625903329095e-07
2.003170166890e-07
-1.678421328456e-09
4.211715004771e-07
-1.043317472918e-06
3.168160667711e-07
-4.476697020367e-07
-3.593799582338e-07
1.899417116737e-08
1.663846818547e-07
4.644544152108e-07
3.201447237537e-07
-1.009802731491e-06
2.757571672384e-07
-7.219411006067e-09
3.623035014788e-07
3.934813762272e-06
-2.452979964185e-08
1.915304139534e-06
-3.534972291641e-08
8.953293255928e-09
-7.258271944470e-08
-1.953434374164e-06
8.348475837998e-08
4.012652808911e-06
4.197331821264e-07
-1.156594119082e-08
2.195101300673e-07
2.275032746691e-06
-8.867865660310e-07
9.562139306734e-07
5.323813784932e-07
6.942414337513e-09
-6.829035527154e-07
-1.055214218836e-06
-2.036273398533e-07
2.080946406212e-06
4.275536920155e-07
-9.971639894911e-09
2.160337995191e-07
-1.898750014444e-06
-1.099332574159e-06
-9.323017317885e-07
6.102983600955e-07
1.822465831244e-08
-7.826072553565e-07
8.895687149447e-07
-2.025682457798e-07
-1.975923359781e-06
4.138895614229e-07
-1.792732557184e-09
2.462070851401e-07
9.477503717502e-07
2.716736616647e-08
5.184686825518e-07
1.415936364185e-07
1.117075541760e-08
1.226031739505e-07
-5.080477252541e-07
-2.717133489770e-07
1.030518266333e-06
4.359861854049e-07
6.884660518552e-09
2.014008532359e-07
5.670753117523e-07
1.336046545942e-06
2.345452458379e-07
-3.397580395332e-07
1.669276413972e-08
1.194589155330e-06
-3.595626000643e-07
-2.661271516563e-07
5.647352073791e-07
4.422888952249e-07
5.766523922948e-09
1.912802853591e-07
-2.000594426598e-07
1.349502113724e-06
-1.213195408249e-07
-3.438508552405e-07
2.062501768466e-08
1.190370205900e-06
8.130697116601e-08
-1.847829888658e-07
-2.357084159301e-07
4.479762412315e-07
-5.240758958994e-09
1.227275726400e-07
2.399202828983e-06
5.639514789853e-08
9.804255120656e-07
-2.082911921041e-07
2.705407840496e-08
-5.674693788920e-08
-1.004577059454e-06
2.847514289246e-07
2.368570185574e-06
4.311621362861e-07
-1.362375920305e-08
-1.800984603551e-07
6.900619663389e-06
-1.593409265166e-06
2.963402916725e-06
-2.443731272991e-07
2.933127349497e-08
-1.663633935740e-06
-3.031225583575e-06
9.062123177689e-07
6.936961277398e-06
4.189766653199e-07
-1.458907147152e-08
-3.062243790055e-07
-3.005745313918e-06
-1.527766292065e-06
-1.635587333017e-06
-2.497939249888e-07
2.754315526433e-08
-1.729935369863e-06
1.545003677845e-06
1.159270455908e-06
-2.845750470849e-06
4.648149066039e-07
-8.051766244901e-09
-1.247619640120e-07
-2.511845011903e-06
-1.744065546001e-07
-1.283417760216e-06
1.540396320494e-07
1.811409995733e-08
-8.579568452767e-08
1.343011868601e-06
-1.992916221018e-07
-2.514000973665e-06
4.900345256567e-07
1.168916693583e-09
-6.627376239492e-08
5.973805624311e-07
5.635225885111e-07
3.201566936139e-07
5.134995768880e-07
2.397938161721e-08
8.160574708963e-07
-3.280061365340e-07
-9.514175396900e-07
5.799955431913e-07
4.569839372512e-07
2.588350140051e-09
-1.250769818137e-07
1.424008349112e-06
3.798781637736e-07
6.550748218964e-07
3.741431694613e-07
2.614328952078e-08
5.630500148529e-07
-6.889542130245e-07
-5.704352196158e-07
1.455763030372e-06
3.485550201580e-07
-8.084242350335e-10
-2.630392133668e-07
3.952061623335e-06
3.668753262064e-08
1.883433005669e-06
-2.923901682721e-08
9.470478425527e-09
3.216861946314e-08
-1.830646505427e-06
3.856641245138e-08
3.935490123768e-06
2.341381475559e-07
-3.040989434474e-09
-3.800376396876e-07
9.805874831205e-07
-5.928947852111e-08
5.498754368426e-07
-2.687133099462e-07
1.154396599057e-08
-1.879287509511e-07
-4.258583537571e-07
3.547839329188e-07
1.155058827656e-06
2.545959434426e-07
-3.375846033104e-09
-3.696502052958e-07
-1.725762066276e-06
1.376453303225e-08
-8.022825160866e-07
-1.594276004473e-07
2.041712174370e-08
-1.123106982034e-07
7.982791911597e-07
2.138997680747e-07
-1.708659871920e-06
2.279560834591e-07
-2.601676951344e-09
-3.863915810633e-07
2.759126220458e-06
-7.665299775546e-08
1.333849851466e-06
3.732759738280e-08
1.033605739371e-08
-2.761829955868e-08
-1.352156267786e-06
-3.111879827175e-08
2.676582848912e-06
1.096956468037e-07
-9.888427028935e-10
-4.375132111237e-07
1.187618964451e-06
-2.771000554921e-08
6.470997365632e-07
3.977360685473e-08
9.105454172758e-09
7.421962836612e-11
-4.696848248702e-07
-4.852186700625e-08
1.219991262730e-06
1.107900552617e-07
-1.691976257084e-10
-4.408114397297e-07
-1.200944470467e-06
2.440551187329e-08
-5.345988981810e-07
5.076628457184e-08
1.915108761964e-08
2.028201797144e-09
5.509459335292e-07
-4.958071779363e-08
-1.176208101887e-06
6.413422213272e-08
-1.366018160876e-10
-4.477480821552e-07
2.680451626957e-06
-5.320628993180e-08
1.263955513807e-06
3.197844752831e-08
9.096122338969e-09
-2.125113799962e-08
-1.327610158945e-06
-7.874831630901e-09
2.638253343128e-06
-5.781230152256e-08
5.392214077682e-10
-4.493888563980e-07
1.113572820734e-06
5.866852792390e-09
5.608819534354e-07
-2.621484908871e-08
8.711279700789e-09
1.652306554668e-09
-4.209655863028e-07
2.335379377076e-08
1.013621504886e-06
-5.623099486206e-08
9.411547746435e-10
-4.529045181458e-07
-1.105707561757e-06
2.395596715096e-08
-4.905822184309e-07
1.817721148567e-08
1.893114457537e-08
-7.500749257582e-09
5.100758824304e-07
-3.332098383546e-08
-1.094460014241e-06
-1.119991832270e-07
8.594138580676e-10
-4.386938915962e-07
2.880382006353e-06
-5.791679666899e-08
1.373137091407e-06
2.518854722420e-08
9.127477667044e-09
-3.208346169080e-08
-1.448973027532e-06
9.523323672771e-09
2.892814589653e-06
-2.334804685770e-07
1.444965206312e-09
-3.903002048351e-07
1.191253259233e-06
1.083443451133e-08
5.234933660159e-07
-1.716213380115e-08
8.397717931420e-09
1.095332225805e-08
-4.930281163982e-07
1.297888317909e-08
1.014179561385e-06
-2.315501129239e-07
1.650831167940e-09
-3.953115378875e-07
-1.199952775315e-06
9.846047438919e-09
-5.388886808231e-07
1.856478147489e-08
1.894201732337e-08
-1.212357615643e-08
5.615110636093e-07
-4.576255433719e-08
-1.208118332413e-06
-2.726217679306e-07
1.311500478185e-09
-3.647171264306e-07
2.766934619919e-06
-4.990940027224e-08
1.345108733508e-06
1.517116854877e-08
9.325606215434e-09
-3.783501286638e-08
-1.389467645906e-06
2.581203332260e-08
2.830707107880e-06
-3.638415999160e-07
1.670344224470e-09
-2.760065561781e-07
1.156025962321e-06
1.545239252977e-08
4.487164095533e-07
-8.652625335448e-09
8.634991817117e-09
1.850392900470e-08
-5.512068008175e-07
4.508688678157e-09
1.010638047685e-06
-3.644899050492e-07
1.712669226407e-09
-2.807140923714e-07
-1.149292149097e-06
-7.922246350034e-09
-5.234236403500e-07
1.433650166318e-08
1.933474891871e-08
-1.727400667996e-08
5.332316732125e-07
-4.780705119549e-08
-1.170033864732e-06
-3.925536889368e-07
1.265526718542e-09
-2.336162375891e-07
2.825648706548e-06
-3.678526918195e-08
1.405812688226e-06
4.000951060959e-10
9.434004992510e-09
-4.014660898086e-08
-1.394072039330e-06
4.216833579723e-08
2.903309446325e-06
-4.437732219634e-07
1.562089032239e-09
-1.148005718850e-07
1.098230504694e-06
1.965814128103e-08
4.104955475518e-07
-1.109331863482e-09
8.675217045214e-09
2.429458111957e-08
-5.884747798545e-07
-3.672781938348e-09
1.066938340075e-06
-4.459911587114e-07
1.571600268882e-09
-1.197871487174e-07
-1.175384179605e-06
-2.099542820015e-08
-5.447896379006e-07
6.026237854147e-09
1.944287784487e-08
-1.711853544097e-08
5.368376662858e-07
-4.291086690963e-08
-1.197222625630e-06
-4.538033173428e-07
1.123821686464e-09
-6.621802275607e-08
2.847311196842e-06
-1.706228504774e-08
1.434658833994e-06
-1.505127291258e-08
9.433067372479e-09
-3.616951650054e-08
-1.371332290720e-06
5.298379001143e-08
2.893253874446e-06
-4.556958554369e-07
1.441175792890e-09
6.295601369401e-08
1.018465301125e-06
1.658907754252e-08
4.193479619561e-07
7.904033180428e-09
8.803336552317e-09
2.279118401907e-08
-5.683330405633e-07
-1.056052834037e-08
1.122083480855e-06
-4.597033243080e-07
1.493964722476e-09
5.891457349880e-08
-1.177860266723e-06
-3.474014626544e-08
-5.491972415978e-07
-1.930650154363e-09
1.953037579255e-08
-1.762226716491e-08
5.285726543214e-07
-3.115842732368e-08
-1.188178556653e-06
-4.460984691251e-07
1.112554783195e-09
1.125438063160e-07
2.909103835520e-06
5.803084349808e-09
1.458348790405e-06
-2.896400111244e-08
9.388558549386e-09
-2.730214276735e-08
-1.380372740430e-06
5.683965296301e-08
2.897137511048e-06
-3.981372121395e-07
1.508299482050e-09
2.333683773266e-07
9.725492903973e-07
1.111956664350e-08
4.738115607866e-07
1.451444868000e-08
8.729275602228e-09
1.740888584766e-08
-5.061726936579e-07
-1.430765934289e-08
1.151891890163e-06
-4.036152811246e-07
1.627712944040e-09
2.307539652081e-07
-1.192414638001e-06
-4.402562076224e-08
-5.528738620310e-07
-1.031930400145e-08
1.942195494805e-08
-1.633289937718e-08
5.308615965064e-07
-1.356146778465e-08
-1.185966373129e-06
-3.705226314761e-07
1.294375578949e-09
2.750210815585e-07
2.939562622425e-06
2.776904361974e-08
1.444837055052e-06
-3.807724264665e-08
9.219977784320e-09
-1.436806973547e-08
-1.397932258030e-06
5.136324014536e-08
2.875379670744e-06
-2.803221145258e-07
1.711093887461e-09
3.679231128584e-07
9.686048385568e-07
4.551383069363e-09
5.322975693501e-07
2.031034300027e-08
8.440236566651e-09
1.083539137622e-08
-4.293074511907e-07
-1.739568083100e-08
1.117384005556e-06
-2.863755342064e-07
1.842258920224e-09
3.675250835404e-07
-1.180641243759e-06
-4.477060700656e-08
-5.399687017122e-07
-1.289993730104e-08
1.910765813703e-08
-8.989558208313e-09
5.267647273996e-07
9.823844280908e-11
-1.161596596259e-06
2.303162627248e-08
1.150513787993e-09
-1.168738785608e-07
1.065520391946e-05
-1.423054356596e-07
5.566290678025e-06
8.297696996542e-08
-6.389612028433e-09
-1.199350016447e-07
-5.569920387778e-06
-3.371564469225e-08
1.065002665442e-05
2.715758859566e-07
7.570966519823e-10
-5.857291509961e-07
1.854930409651e-06
-1.076750541587e-08
9.970251583744e-07
-3.686129583840e-08
-4.712597042530e-09
-3.016044477641e-08
-9.570960483616e-07
5.526932988114e-08
1.864348901342e-06
2.575541758976e-07
-1.702375398227e-10
-5.638599208261e-07
-2.478313797148e-06
2.343099927748e-10
-1.209992462571e-06
1.458077335431e-07
-4.459031494907e-09
4.111557705815e-08
1.148482949736e-06
1.059225360954e-08
-2.521750568442e-06
2.539473194554e-08
4.929864783419e-10
-1.196636609118e-07
1.066487988978e-05
3.969753271133e-08
5.579493045222e-06
-1.570786505197e-08
-5.580368873221e-09
2.787209630922e-08
-5.563227195477e-06
-3.880747413641e-09
1.065941403769e-05
2.713178413803e-07
3.533159030844e-10
-5.869413915357e-07
1.820593453720e-06
-3.759530034791e-09
9.819532238808e-07
-4.858651404290e-09
-1.438665866001e-08
3.879180013310e-10
-9.323279082511e-07
5.707943007733e-09
1.834869900251e-06
2.575763648830e-07
-9.313871866820e-11
-5.638290127079e-07
-2.478843862144e-06
2.343073103994e-10
-1.208518469641e-06
1.968763517481e-08
2.846063306432e-10
4.770576147711e-09
1.137106467434e-06
-2.448005038491e-10
-2.527234085926e-06
2.473410972897e-08
-1.410839509036e-10
-1.187934996208e-07
1.066430772308e-05
-8.884751392977e-09
5.578712323325e-06
-6.144740999754e-10
-5.428640534048e-09
-6.058414298291e-09
-5.563536147698e-06
9.036887469528e-09
1.065857338583e-05
2.709740652423e-07
-3.960751955556e-10
-5.864277479055e-07
1.832298499724e-06
1.882441069305e-08
9.876940885109e-07
-4.502233353323e-09
-1.328946527339e-08
1.207560834297e-08
-9.406876412420e-07
-2.454176113817e-09
1.846042326102e-06
2.575985529086e-07
-9.313871866820e-11
-5.636439069474e-07
-2.478279610377e-06
2.343071716779e-10
-1.209660338494e-06
-2.144651684803e-08
-4.707637749719e-10
-3.450678395355e-09
1.136326565968e-06
-1.143919864127e-09
-2.530412992898e-06
2.097501123638e-08
-7.538033527309e-10
-1.142211401231e-07
1.065299827475e-05
1.753759191206e-07
5.564050283483e-06
-1.016693482267e-07
-5.680891555039e-09
1.425556933132e-07
-5.569820179293e-06
3.910045256594e-08
1.064571608462e-05
2.704478024054e-07
-7.540457231321e-10
-5.842896031425e-07
1.892158746015e-06
2.434131343311e-08
1.015654826726e-06
2.388060682703e-08
-2.932084330824e-09
3.974850761416e-08
-9.807821956474e-07
-4.995297405057e-08
1.896723532813e-06
2.576207418940e-07
-9.313871866820e-11
-5.636129988292e-07
-2.477076685927e-06
2.343091584829e-10
-1.212493792663e-06
-1.324974381075e-07
-4.942968182112e-09
-3.402466363671e-08
1.140487568019e-06
-7.333030167608e-09
-2.521659456995e-06
-2.519045516540e-08
7.725624206244e-10
-1.032881229815e-07
1.060787958582e-05
-2.052084655555e-07
5.538829252264e-06
4.034562818810e-08
-6.317178218439e-09
-1.983156650048e-07
-5.547524191319e-06
4.482028031063e-08
1.060539847485e-05
2.580225446075e-08
5.869838656067e-10
-6.368857277524e-07
2.037334746935e-06
-1.320259834701e-08
1.085434025214e-06
-4.103136732676e-08
-3.458251522880e-09
-4.169212519695e-08
-1.055800276073e-06
6.291694971409e-08
2.014110865213e-06
2.208062189013e-08
-1.429834775595e-10
-6.197272836526e-07
-2.481084543085e-06
2.342960638510e-10
-1.203010935848e-06
1.455937466551e-07
-5.202132981405e-09
-1.654297945024e-08
1.129009661016e-06
1.935046542366e-09
-2.455873613856e-06
-2.347475009445e-08
1.223065756102e-10
-1.108514955039e-07
1.062262062407e-05
-1.588595722180e-08
5.549662361786e-06
2.560586929190e-09
-5.605859555591e-09
-1.486196656597e-08
-5.542236746460e-06
-5.608964803363e-10
1.060828409829e-05
2.539242352934e-08
2.124698056997e-10
-6.398252839066e-07
1.960085811472e-06
-2.068537500000e-08
1.046866642178e-06
-1.349005160647e-09
-1.388867893861e-08
-1.870541171140e-08
-1.002808891358e-06
1.109630621583e-08
1.937676463018e-06
2.210280991569e-08
-6.588465640502e-11
-6.195421778920e-07
-2.481591200808e-06
2.342953101201e-10
-1.202311447351e-06
2.163983839689e-08
1.682884771923e-10
-6.099863660878e-10
1.120313784402e-06
-9.184811801048e-09
-2.464174342635e-06
-2.322192783198e-08
-5.162301462276e-10
-1.135981634275e-07
1.062155121328e-05
-5.723947634366e-08
5.549213454201e-06
3.914192386028e-09
-5.371307538245e-09
-5.400945207970e-08
-5.542172512659e-06
3.103777193965e-08
1.060692521507e-05
2.553054347519e-08
-5.475352994781e-10
-6.411785332504e-07
1.928061185685e-06
-9.796464066773e-09
1.028762870564e-06
5.043694203125e-09
-1.405858436927e-08
-1.485930646643e-08
-9.853895852689e-07
-5.067887586756e-10
1.904378711508e-06
2.212499890108e-08
-6.588465640502e-11
-6.195112697738e-07
-2.481674092613e-06
2.342949192876e-10
-1.201469634825e-06
-1.995679297683e-08
9.072041357843e-10
1.161553999167e-09
1.120946497158e-06
1.033985364257e-09
-2.464642719553e-06
-2.433679563087e-08
-1.125944699108e-09
-1.119144152682e-07
1.060741454185e-05
1.226079810907e-07
5.540660702533e-06
-3.138967155553e-08
-5.724246554626e-09
1.197890036593e-07
-5.548268107662e-06
-1.114731837719e-08
1.060710580106e-05
2.631028980589e-08
-9.171137989603e-10
-6.412213438300e-07
1.937629311699e-06
-2.466296725520e-08
1.032534194307e-06
4.549034739063e-08
-3.023821370554e-09
-2.303990001243e-10
-1.003616332712e-06
-4.787246567907e-08
1.920073417686e-06
2.245558413091e-08
8.831298590403e-11
-6.196345573783e-07
-2.481390165495e-06
2.342947206228e-10
-1.202897940881e-06
-1.358636972772e-07
-3.188896136827e-09
1.954688189054e-08
1.128703360826e-06
-1.350079943487e-08
-2.461869892521e-06
-7.470772456522e-08
3.699865818755e-10
-1.256231997543e-07
1.087112910645e-05
-2.265826594271e-08
5.689017678352e-06
1.499183359342e-08
-7.563592471210e-09
-1.855383162456e-08
-5.688373978602e-06
-3.447949294398e-08
1.087405316659e-05
-2.277323557794e-07
4.961907229415e-10
-6.235642749347e-07
1.442931042839e-06
7.628924993641e-08
7.481029192145e-07
-2.207426392173e-08
-3.850207146897e-09
6.877886303550e-08
-7.264225331909e-07
-7.924341353221e-09
1.407413373930e-06
-2.166088278544e-07
-1.827978947591e-10
-5.811235618792e-07
-2.495026594329e-06
2.342622447360e-10
-1.171804858014e-06
1.236739938094e-07
-3.986455933961e-09
-7.374259442548e-08
1.156849151678e-06
2.343036649758e-08
-2.442668427518e-06
-7.188630045259e-08
-3.004815948447e-10
-1.197382921120e-07
1.087220037976e-05
1.173446399163e-07
5.678954726381e-06
4.514649750051e-08
-5.647165193282e-09
1.448124644234e-07
-5.684244481182e-06
-1.344236914718e-07
1.085448153647e-05
-2.269092595643e-07
1.072161615505e-10
-6.190607199596e-07
1.530329946533e-06
4.270745075804e-08
7.860227362554e-07
1.831224756611e-08
-1.407709383480e-08
6.669167200796e-08
-7.701515589057e-07
-4.466103587389e-08
1.477513349861e-06
-2.165866388690e-07
-2.860025245007e-11
-5.810926537610e-07
-2.495837261598e-06
2.342603640311e-10
-1.169823773908e-06
2.094278644153e-08
2.508523724867e-10
-5.645422283782e-09
1.141291567509e-06
4.328064317816e-09
-2.432708345697e-06
-6.896071526955e-08
-9.321719495444e-10
-1.098749367503e-07
1.086151254309e-05
8.649921036833e-08
5.673816689828e-06
2.944536376265e-08
-5.049860944757e-09
1.021395531362e-07
-5.677651771341e-06
-8.458048629892e-08
1.084638425406e-05
-2.252847055485e-07
-6.291430247619e-10
-6.139387183940e-07
1.656888793252e-06
4.418666162580e-08
8.586945368735e-07
2.304267344599e-08
-1.318706573752e-08
6.076928308017e-08
-8.387029954472e-07
-5.332424489736e-08
1.608361207636e-06
-2.165644489238e-07
-2.860025245007e-11
-5.812159432851e-07
-2.495941342289e-06
2.342617631840e-10
-1.169787067471e-06
-2.165822364725e-08
9.530383140086e-11
4.110260553367e-09
1.141121288365e-06
2.657239658710e-08
-2.428484520244e-06
-6.530755550400e-08
-1.514805526813e-09
-9.490561768632e-08
1.082442321407e-05
2.512237866945e-07
5.657693297818e-06
7.133148606532e-08
-4.252822103201e-09
2.944628252033e-07
-5.670244770946e-06
-2.051369285230e-07
1.082899443869e-05
-2.223646361608e-07
-9.473872010693e-10
-6.073624355092e-07
1.822433494842e-06
2.748610646597e-08
9.433714147404e-07
7.899539055163e-08
-3.930911821690e-09
8.014621352639e-08
-9.441176823911e-07
-1.103433641469e-07
1.777784749724e-06
-2.168506552230e-07
-2.860025245007e-11
-5.811850370865e-07
-2.492714432345e-06
2.342687336471e-10
-1.176824741708e-06
-1.372853933821e-07
-5.801625129149e-09
7.544249905487e-08
1.152832466381e-06
1.103858723702e-08
-2.431577681590e-06
-4.135780261291e-08
-3.794488683520e-09
1.187152327070e-08
1.030387825665e-05
-4.159015579976e-07
5.387103154377e-06
-4.686251160905e-07
-3.238761557066e-09
-6.727183571742e-07
-5.393127965275e-06
8.015191964700e-07
1.033879221678e-05
-4.025408719185e-07
-1.334715158582e-09
-4.292991679951e-07
3.050054030935e-06
-1.447231850292e-07
1.639262030542e-06
-2.727935303130e-07
8.447389371270e-09
-3.310441139608e-07
-1.695172553447e-06
4.128769196792e-07
3.079529341789e-06
-4.221289160945e-07
-6.406054047605e-11
-4.542240884844e-07
-2.517572226722e-06
2.342150044731e-10
-1.121129096446e-06
8.293729724270e-09
-6.247724668744e-09
-7.408434490178e-08
1.149411888348e-06
-5.468042273681e-08
-2.333294081789e-06
-7.262024696882e-08
-4.239948645313e-09
-3.212261086111e-08
1.044818279498e-05
-2.791428255170e-07
5.450105476860e-06
-3.280214021977e-07
-5.238010427032e-09
-4.474807289993e-07
-5.458491528936e-06
5.632721744512e-07
1.044854672031e-05
-4.207513694509e-07
-1.436514160351e-09
-4.532513837021e-07
2.488478672768e-06
-1.451653548257e-07
1.326663847350e-06
-1.845924883892e-07
-7.740551009587e-09
-2.500755122044e-07
-1.329125755258e-06
2.882234741368e-07
2.457312481308e-06
-4.224151204741e-07
-1.411593616306e-10
-4.545015775705e-07
-2.513670955934e-06
2.342145318159e-10
-1.129597393904e-06
3.610455471854e-08
-1.649349221983e-09
-1.312461172533e-08
1.187786997314e-06
-9.822447592447e-08
-2.413660924876e-06
-9.980018293559e-08
-4.866895902556e-09
-6.897560118761e-08
1.053627604006e-05
-2.848820563865e-07
5.488690172256e-06
-3.547903149675e-07
-5.332284023520e-09
-4.743995433400e-07
-5.507080599407e-06
6.134245643135e-07
1.052461301931e-05
-4.356156009559e-07
-2.167563494074e-09
-4.732519160799e-07
1.915431682506e-06
-1.466756417955e-07
9.839881571743e-07
-1.830140123958e-07
-1.868713830332e-08
-2.572208535301e-07
-1.017525510401e-06
2.796894950202e-07
1.861131872098e-06
-4.223929314887e-07
1.303828067847e-11
-4.544706694522e-07
-2.505222536738e-06
2.342200290810e-10
-1.147800429182e-06
-3.378142144241e-09
2.617170076593e-09
2.965571432979e-09
1.176727433207e-06
-6.780007463719e-08
-2.431664230996e-06
-1.256794852416e-07
-5.650921352857e-09
-1.033344834424e-07
1.063593669278e-05
-2.081613538466e-07
5.552075809849e-06
-2.750343825715e-07
-9.014217308864e-09
-3.712522750451e-07
-5.547995701275e-06
4.987023097279e-07
1.062005066332e-05
-4.499538616991e-07
-2.714289792617e-09
-4.947097388114e-07
1.446242699935e-06
-2.175905775947e-07
7.388980166891e-07
-1.448421870299e-07
-1.473704418620e-08
-3.199041571721e-07
-7.169658096263e-07
2.882393011369e-07
1.359075139983e-06
-4.223707444230e-07
1.303828067847e-11
-4.541313660494e-07
-2.493201582122e-06
2.342345018014e-10
-1.175279873997e-06
-1.549776229693e-07
-6.915731922461e-09
1.708902572913e-07
1.233662009942e-06
-8.121123335939e-08
-2.524812428992e-06
-3.013072555872e-07
-1.245492120805e-09
-1.208902039963e-07
1.168203407884e-05
-5.102405712864e-08
6.141504614600e-06
1.096072611769e-06
-6.701730504569e-09
5.558231058910e-07
-6.147343026380e-06
-1.405712899474e-06
1.167272406311e-05
-7.011862247058e-07
3.667916296667e-10
-3.308389465333e-07
-8.413906519512e-07
1.172444611464e-08
-5.464823298431e-07
6.838704194406e-07
-5.232109093916e-09
3.827475372454e-07
5.570769912288e-07
-8.180542997241e-07
-9.783764249731e-07
-5.645921974744e-07
-2.440696738850e-11
-2.583849883437e-07
-2.502954561607e-06
2.342167841315e-10
-1.152455514571e-06
1.361877039878e-08
-1.152501745610e-09
-1.379996453030e-07
1.240791849786e-06
2.108409816555e-07
-2.670109713436e-06
-2.103288815954e-07
-1.853173277564e-09
-7.516523473287e-08
1.135046878774e-05
-3.243329880597e-08
5.954947596341e-06
1.159328444572e-06
-5.358024563336e-09
5.901560702605e-07
-5.982643127659e-06
-1.479726551568e-06
1.135687033812e-05
-6.464777999845e-07
-8.536854323829e-11
-3.030241884935e-07
2.833024882045e-07
-1.803727678738e-08
4.874696414234e-08
6.747138601532e-07
-1.383445529871e-08
3.371795833169e-07
-1.135159021632e-07
-7.702902965493e-07
2.799616313182e-07
-5.645700084890e-07
2.068894960751e-10
-2.583540802254e-07
-2.507490542072e-06
2.341875215399e-10
-1.141808965671e-06
4.499166478820e-08
1.164097891665e-09
-6.105203281424e-09
1.180172824778e-06
1.299665663998e-07
-2.494283567557e-06
-1.207262852926e-07
-2.577000464854e-09
-2.944319904665e-08
1.105791476136e-05
-2.040026079220e-08
5.800543701798e-06
1.084914395522e-06
-7.054547007221e-09
5.553466134740e-07
-5.817696502359e-06
-1.383461586495e-06
1.105276655818e-05
-5.952805490445e-07
-8.548670218745e-10
-2.776616594113e-07
1.661975847347e-06
-2.647516930351e-08
7.862778382122e-07
6.149775112297e-07
-1.593474743479e-08
3.013221641146e-07
-8.269757503544e-07
-7.148535483372e-07
1.624147363193e-06
-5.642394242190e-07
2.068894960751e-10
-2.583231701876e-07
-2.509445526788e-06
2.341792866360e-10
-1.137133075780e-06
-6.411487221684e-08
-6.632616499250e-11
-1.208752277573e-08
1.210954190842e-06
2.508857655534e-07
-2.508915073522e-06
-2.446792878281e-08
-3.349974878949e-09
2.078084247714e-08
1.069888898495e-05
9.263820908228e-09
5.630547326432e-06
1.352422321368e-06
-5.550426848098e-09
7.063180649326e-07
-5.628664804353e-06
-1.694817304021e-06
1.071922693437e-05
-5.380371043437e-07
-1.306511287324e-09
-2.501803244915e-07
2.852788434850e-06
-7.856197035369e-08
1.436433704697e-06
8.141003555585e-07
-6.208091099593e-09
3.467331829272e-07
-1.534001266480e-06
-9.120373509947e-07
2.969705604911e-06
-5.642172352336e-07
2.068894960751e-10
-2.582922620694e-07
-2.504643800772e-06
2.341816352397e-10
-1.147904868625e-06
2.169721874515e-08
-5.663887724343e-09
1.914523440357e-07
1.151687716292e-06
1.011008845056e-07
-2.332933348987e-06
8.037545136587e-07
6.534844284940e-09
1.738826199309e-07
-3.203975123173e-06
8.369158895761e-07
-1.444448627417e-06
-1.839446522122e-06
-4.813326224088e-10
-1.338256975456e-07
1.763339336410e-06
1.888960169677e-06
-3.249968997592e-06
1.085054095978e-07
6.536753010340e-09
7.720018754019e-08
1.874919802543e-05
6.278750817241e-07
1.261290315741e-05
-1.231524949414e-06
-4.873024228694e-08
-1.039620180589e-07
-1.158512569557e-05
1.179232118173e-06
1.875548847461e-05
-6.201511650162e-07
7.224748616015e-12
-2.291143241650e-08
-2.562791022477e-06
2.337282714833e-10
-1.008533719312e-06
-3.379281822363e-07
2.080145618174e-08
-3.278000977449e-07
1.739191190292e-06
-3.300099015987e-08
-2.409214488924e-06
6.690668347055e-07
5.570797888167e-09
1.571835162888e-07
-2.630442098235e-06
5.486500522464e-07
-1.206308293303e-06
-1.540847715614e-06
-9.653963533382e-09
-2.202639197615e-07
1.466807996707e-06
1.672257182473e-06
-2.689781565333e-06
2.410605784362e-08
5.021924276806e-09
6.797023522753e-08
1.731181473136e-05
4.599756357966e-07
1.149873391819e-05
-8.301561023224e-07
-2.846114941246e-08
-8.609043736792e-08
-1.061376431140e-05
7.697290681091e-07
1.708849666927e-05
-6.201289741111e-07
8.432356977054e-11
-2.318891958291e-08
-2.554448215532e-06
2.338064329144e-10
-1.028647538862e-06
1.455527622073e-07
5.557175520648e-09
1.185712139804e-08
1.755417651196e-06
-4.319914193030e-07
-2.745760624642e-06
5.467696378181e-07
4.288586384985e-09
1.404904548990e-07
-2.170950489506e-06
5.456324033064e-07
-9.994501917716e-07
-1.523887757554e-06
-1.062010547198e-08
-1.971256639890e-07
1.215498617697e-06
1.650920249299e-06
-2.206158271076e-06
-4.591578916472e-08
4.484018487524e-09
5.952955547170e-08
1.558906955116e-05
4.675293025961e-07
1.037827849737e-05
-9.403587022282e-07
-1.679007887070e-08
-1.143127388891e-07
-9.553343012872e-06
8.583611551420e-07
1.544421305561e-05
-6.201067870454e-07
-6.987407253851e-11
-2.284961618009e-08
-2.559968724297e-06
2.337902348504e-10
-1.016214114153e-06
-7.713556467128e-08
-3.429462115398e-09
3.147312699387e-08
1.694403185710e-06
-1.176608005374e-07
-2.647245952976e-06
4.226196196027e-07
3.581342662917e-09
1.250339954204e-07
-1.662182192672e-06
4.255141504351e-07
-7.607839233495e-07
-1.569246414633e-06
-1.543829001536e-09
-2.450257468336e-07
9.606989295170e-07
1.742169473534e-06
-1.706891087602e-06
-1.247802921034e-07
3.366284975278e-09
5.113594786715e-08
1.424276145884e-05
5.340114773021e-07
9.415677142309e-06
-1.084391790392e-06
-1.226035910851e-08
-9.981677131181e-08
-8.718828802114e-06
9.662279735981e-07
1.393606701167e-05
-6.200845980600e-07
8.432356977054e-11
-2.281870806188e-08
-2.551204277606e-06
2.336821884695e-10
-1.031826385240e-06
2.235300748826e-07
-4.761605663355e-09
1.507638907334e-07
1.704735910065e-06
-3.568064801081e-07
-2.871052558388e-06
-8.081363364894e-08
-3.889568161327e-09
5.455928908736e-08
9.233172233507e-06
-1.046407980887e-06
5.001902360842e-06
1.170548549051e-06
4.073571102142e-09
-4.020798056705e-07
-5.005327869245e-06
-9.586491392107e-07
9.188128939068e-06
-5.701456773418e-07
-7.545821603345e-10
2.098327715426e-07
3.041247324234e-06
-5.508203053150e-07
1.342162728322e-06
7.086108194785e-07
4.407482770481e-09
-2.448963290595e-07
-1.419859235278e-06
-5.086551263975e-07
2.944861010100e-06
-5.818558385274e-07
2.601896551803e-11
2.157780154084e-07
-2.507042018779e-06
2.341701387542e-10
-1.142469559566e-06
-2.516270540229e-08
-4.432033021862e-09
-1.277529049776e-08
1.171667336932e-06
1.505075520414e-07
-2.621781336541e-06
1.515185037360e-08
-4.110954001904e-09
2.063712930566e-08
9.003794456669e-06
-1.092387211951e-06
4.892470378153e-06
1.220805430835e-06
-4.079365240019e-09
-4.311849713067e-07
-4.875830687244e-06
-1.005977871469e-06
9.012360890889e-06
-5.168291219505e-07
-8.718683302925e-10
1.905290450806e-07
4.197050496466e-06
-4.946576249368e-07
1.995118792899e-06
6.387662851107e-07
-3.923022624474e-09
-2.358236233168e-07
-1.948123067928e-06
-4.543554623735e-07
4.187498129222e-06
-5.818336514617e-07
1.031177866726e-10
2.161173188112e-07
-2.507200787972e-06
2.341732369859e-10
-1.141946284530e-06
-1.294261109378e-08
1.399911119950e-09
-1.770489938249e-08
1.178789442285e-06
1.664277426276e-07
-2.541331496406e-06
1.110213037424e-07
-4.473592776698e-09
-1.370195494133e-08
8.834879267319e-06
-1.050202056451e-06
4.786726260168e-06
1.182732844145e-06
-1.935134013319e-09
-4.249752025409e-07
-4.797130623094e-06
-9.769516066482e-07
8.840300636510e-06
-4.652808798018e-07
-1.318075725611e-09
1.712725761917e-07
5.530681225429e-06
-5.180389956033e-07
2.632483652936e-06
6.497828507499e-07
-1.315015102337e-08
-2.468036379411e-07
-2.640894491246e-06
-4.699648635774e-07
5.517907340349e-06
-5.818114624763e-07
2.573154289816e-10
2.161482269294e-07
-2.502188953231e-06
2.341755182687e-10
-1.153137916548e-06
-7.888093649385e-10
1.103823806607e-09
-5.887703318619e-10
1.187881442946e-06
1.762364219039e-07
-2.552129888685e-06
2.178623610938e-07
-4.886024826914e-09
-5.141473696474e-08
8.582636994730e-06
-1.314028819064e-06
4.670144236962e-06
1.510353276312e-06
-7.360949301703e-09
-5.361815597619e-07
-4.653772207414e-06
-1.240680353586e-06
8.604426022848e-06
-4.076890615388e-07
-1.774983237405e-09
1.492777514184e-07
6.808356888615e-06
-6.388471846415e-07
3.334269034746e-06
7.697780124227e-07
-1.191827251703e-08
-3.250261841298e-07
-3.213554795136e-06
-5.365166920286e-07
6.867660923182e-06
-5.814808782063e-07
4.115130712907e-10
2.161791369673e-07
-2.498824557274e-06
2.341770419843e-10
-1.160738521562e-06
5.604370589934e-08
3.705728289005e-09
1.153625139155e-07
1.189418970929e-06
1.627628963221e-07
-2.455901100100e-06
-1.027315038362e-08
3.295237046039e-10
5.617486273659e-08
9.411381483862e-06
4.689048642911e-07
4.881868759179e-06
-3.985266202488e-07
-7.799335074250e-09
2.767974275966e-07
-4.869476409186e-06
2.582529907465e-07
9.399122570624e-06
-4.282701290541e-07
7.224285910308e-10
3.983379946641e-07
3.290906704194e-06
1.999969427657e-07
1.830044933367e-06
-1.317104232599e-07
-2.013134503440e-09
1.523880422520e-07
-1.793489502482e-06
1.686400352811e-08
3.292140463577e-06
-4.549563670523e-07
1.062132553187e-10
4.216064989331e-07
-2.467854898743e-06
2.343083535534e-10
-1.232533987438e-06
-9.649271534445e-08
-3.204237016084e-09
-7.319229746965e-08
1.170803785364e-06
-2.730879988640e-08
-2.597990436701e-06
-3.511062919745e-08
-2.611759111636e-10
7.427113642983e-08
9.427985310765e-06
3.132998476301e-07
4.894343157981e-06
-2.414490593958e-07
-5.075130390280e-09
1.859562890218e-07
-4.882915351106e-06
1.558427874284e-07
9.434722308319e-06
-4.395962057260e-07
3.939419346496e-10
4.080682121220e-07
2.947889130076e-06
1.491631388416e-07
1.630514711954e-06
-1.260066146155e-07
-1.223763699117e-08
1.025807876047e-07
-1.618861661567e-06
5.586116646892e-08
2.981072431905e-06
-4.549341780669e-07
1.062132553187e-10
4.216374070513e-07
-2.474269993767e-06
2.342968816917e-10
-1.218038944576e-06
-1.566891277900e-08
-1.911639291489e-11
-1.305795452408e-08
1.182105537209e-06
-3.306869406256e-08
-2.618777013481e-06
-5.536563006454e-08
-8.470112170755e-10
9.027268642357e-08
9.417988566359e-06
3.642571900729e-07
4.892475890247e-06
-2.671331967894e-07
-5.503078871271e-09
2.147425384091e-07
-4.873598466433e-06
1.623300575090e-07
9.429781738927e-06
-4.495294899312e-07
-3.232625464177e-10
4.160294896831e-07
2.639376204055e-06
1.252453842522e-07
1.465750443865e-06
-1.218692286750e-07
-1.338724394710e-08
9.350138549236e-08
-1.438594584695e-06
5.731005488139e-08
2.676970573867e-06
-4.549119890815e-07
2.604108976278e-10
4.216683151695e-07
-2.475690642520e-06
2.342964790898e-10
-1.215008007201e-06
1.513907577144e-08
8.507425176302e-10
6.931164465396e-09
1.177146942276e-06
-2.326174936270e-08
-2.600028078975e-06
-7.351420449399e-08
-1.461343336420e-09
1.061363070317e-07
9.422759207164e-06
2.824603552633e-07
4.878146294983e-06
-1.678598830409e-07
-4.945839829725e-09
1.753794067063e-07
-4.889722531361e-06
8.864404785508e-08
9.425694727478e-06
-4.600232639946e-07
-6.916474745038e-10
4.234118361485e-07
2.370971920046e-06
1.365026229333e-07
1.307732953442e-06
-1.751731817654e-07
-2.855790149136e-09
7.810266023092e-08
-1.312947396840e-06
1.211130202926e-07
2.412757551386e-06
-4.548897981765e-07
2.604108976278e-10
4.213908280031e-07
-2.479352324296e-06
2.343064561296e-10
-1.207031128163e-06
1.217928287654e-07
-7.643208988220e-09
8.879320530767e-08
1.202478808924e-06
-1.840379569271e-08
-2.614206809535e-06
-3.196044565511e-08
-1.463381128928e-09
1.343565517542e-07
1.043948501761e-05
8.167082412364e-09
5.451685858283e-06
-4.495525442070e-08
-4.174900695502e-09
6.025624626024e-09
-5.460645863643e-06
5.150200182023e-08
1.043494446647e-05
-2.738392944797e-07
-1.077858281382e-10
5.907965507188e-07
1.748824415302e-06
-5.291674064104e-08
9.257516099659e-07
4.348818491337e-08
6.027019917289e-11
-4.166124246273e-08
-9.073352428453e-07
-2.872668464267e-08
1.754955800972e-06
-2.588088697073e-07
9.313871866820e-11
5.637613869480e-07
-2.477936955465e-06
2.343077794133e-10
-1.210258409800e-06
-1.096666901443e-07
-4.039746988190e-09
-2.404639097425e-08
1.136385195465e-06
-1.053887382367e-09
-2.540418901164e-06
-3.173399540842e-08
-2.009079927628e-09
1.288838509333e-07
1.044607563805e-05
-1.494639009539e-07
5.464101202502e-06
4.485495819528e-08
-5.468467021910e-09
-1.205728159295e-07
-5.446459112797e-06
2.468203683046e-08
1.043957583540e-05
-2.726413195877e-07
-4.161167833383e-10
5.874509169431e-07
1.807621255575e-06
-3.929523776806e-08
9.639961756025e-07
1.471191137904e-08
-1.165212262044e-08
-4.748539144424e-08
-9.221445614022e-07
1.240819711347e-08
1.815585738233e-06
-2.588637776234e-07
9.313871866820e-11
5.634838993017e-07
-2.479457199857e-06
2.343060248510e-10
-1.207236169178e-06
-2.798852513774e-08
-1.203541107900e-09
-9.203878437116e-09
1.134245677328e-06
3.700445894879e-09
-2.530022379309e-06
-2.882605169993e-08
-2.665839516681e-09
1.206532843038e-07
1.045236706706e-05
-9.935392678513e-08
5.468271719263e-06
2.867518865901e-08
-5.810637959185e-09
-8.539116391778e-08
-5.448189697192e-06
1.171228040815e-08
1.044875555351e-05
-2.714008054720e-07
-1.180601351759e-09
5.833175049317e-07
1.904201971599e-06
-5.806689642609e-08
1.019174975763e-06
1.236161358190e-08
-1.700998449510e-08
-5.670737026302e-08
-9.694295057863e-07
2.031618171742e-08
1.921189994182e-06
-2.588415886380e-07
9.313871866820e-11
5.635148074199e-07
-2.480426227513e-06
2.343054359502e-10
-1.204836471202e-06
1.360293170946e-08
6.738696831667e-10
1.219355635888e-09
1.142847687122e-06
5.410148459386e-09
-2.525807872098e-06
-2.286894496153e-08
-3.410326428357e-09
1.082484110863e-07
1.044439493408e-05
-2.944028816406e-07
5.456228693157e-06
1.248713222082e-07
-7.463553424076e-09
-2.482513371867e-07
-5.452127472341e-06
-1.488417799772e-08
1.043667143545e-05
-2.701885109848e-07
-1.676556093108e-09
5.770863640128e-07
2.050629627351e-06
-7.729908425479e-08
1.096245465556e-06
-2.270694152778e-08
-9.146928698936e-09
-1.032253758553e-07
-1.044241650253e-06
7.363062622110e-08
2.056779701686e-06
-2.588964984738e-07
9.313871866820e-11
5.635457150582e-07
-2.480303082837e-06
2.343055888904e-10
-1.205419614079e-06
1.762939757412e-07
-6.129945209172e-09
6.097441596504e-08
1.157577762336e-06
1.452072738006e-08
-2.496861473200e-06
2.630479768417e-08
1.907377735027e-10
7.735262995753e-08
9.912480322398e-06
1.832124100843e-07
5.158271978921e-06
-4.141310359873e-08
-6.227948689950e-09
1.738384954502e-07
-5.166055578284e-06
-3.029024228861e-08
9.909907414684e-06
-2.448653797375e-08
4.690384501860e-10
6.087352489073e-07
2.678826337626e-06
1.121435339111e-08
1.437010326361e-06
3.537816314992e-08
-2.583372664053e-09
3.565477312697e-08
-1.419939395193e-06
-5.835857260988e-08
2.661459304594e-06
-2.356661024359e-08
-8.831298590403e-11
6.193203530501e-07
-2.476788581133e-06
2.342970184047e-10
-1.212916240964e-06
-1.364037558329e-07
-3.807796425003e-09
2.096823697353e-08
1.115816578824e-06
-4.756648397453e-09
-2.448306153681e-06
2.436355475186e-08
-4.542251687687e-10
8.325578841410e-08
9.935266476496e-06
2.927729862957e-10
5.173046124028e-06
-4.775890866002e-09
-5.789040028224e-09
-3.298381006180e-09
-5.163655479033e-06
1.486508638519e-08
9.919688129833e-06
-2.431147244927e-08
1.033006237636e-10
6.111543628626e-07
2.619643816854e-06
1.700000816010e-08
1.408005325787e-06
-9.793465518957e-10
-1.355123623580e-08
1.162950284574e-08
-1.373246014671e-06
-4.654849738103e-09
2.600827591194e-06
-2.354442125820e-08
6.588465640502e-11
6.193512611683e-07
-2.477493041636e-06
2.342975934521e-10
-1.210945369377e-06
-2.385461497989e-08
2.324105332573e-10
1.679645418248e-09
1.111760963464e-06
8.616410808045e-09
-2.454085728215e-06
2.397943090467e-08
-1.121201865063e-09
8.430214770090e-08
9.940854184942e-06
3.503130392800e-08
5.176016623066e-06
-5.080616769069e-09
-5.625462036126e-09
2.955653291239e-08
-5.165539642109e-06
-1.404630282369e-08
9.924728265977e-06
-2.455496264024e-08
-6.566985310387e-10
6.118339458739e-07
2.606377706094e-06
3.793295960694e-09
1.400877709251e-06
-6.642709161768e-09
-1.491899578664e-08
5.141519872763e-09
-1.363030883554e-06
8.382411524780e-09
2.586064836856e-06
-2.352223227281e-08
6.588465640502e-11
6.193821692865e-07
-2.477677493530e-06
2.342975452484e-10
-1.210723731269e-06
1.991697188185e-08
1.162400368084e-09
-6.406009620738e-10
1.114637144642e-06
-3.036613645561e-09
-2.456514546724e-06
2.493459938242e-08
-1.778797613653e-09
8.064479237627e-08
9.930461711367e-06
-1.444158079549e-07
5.168709923249e-06
2.658582787276e-08
-5.522841080217e-09
-1.438833611904e-07
-5.173772304314e-06
2.918242006163e-08
9.928382979859e-06
-2.553620878237e-08
-1.059909295217e-09
6.109918759583e-07
2.639727159999e-06
1.750134876537e-08
1.416879935059e-06
-5.422776777159e-08
-5.759821869204e-09
-1.310131796189e-08
-1.389828826244e-06
6.173862350217e-08
2.621411368067e-06
-2.350004424726e-08
2.200822987141e-10
6.195672750470e-07
-2.477599458527e-06
2.342965649162e-10
-1.210594294827e-06
1.621539395122e-07
-3.356742160312e-09
-1.611599827103e-08
1.132619283223e-06
9.295396307356e-09
-2.454928353749e-06
6.082780192863e-08
7.799113736939e-10
8.594744776101e-08
1.018946880967e-05
1.278358571534e-07
5.307917724299e-06
2.319039236429e-08
-6.095713141687e-09
1.443251441189e-07
-5.313226336386e-06
-7.569756330017e-08
1.019152998753e-05
2.155724956924e-07
6.961572284877e-10
5.895061880629e-07
2.250660986185e-06
-2.792833477898e-08
1.188043784634e-06
4.717284542611e-08
-3.575047814890e-09
2.039443004928e-10
-1.181390957948e-06
-4.713202592206e-08
2.219253473087e-06
2.152770352236e-07
-4.849856870446e-11
5.810250275211e-07
-2.492316763603e-06
2.342585893433e-10
-1.177720398787e-06
-1.289489691867e-07
-5.129683738204e-09
7.224196662485e-08
1.147180898996e-06
-3.553203706132e-09
-2.419486605434e-06
6.096059553184e-08
1.347393658732e-10
8.990569567170e-08
1.021082057310e-05
-1.760856151226e-08
5.312007441856e-06
-9.780447575182e-09
-5.621780776271e-09
-2.516171367597e-08
-5.315774932585e-06
2.938283076219e-08
1.019158353386e-05
2.165000222400e-07
3.208386367696e-10
5.902943974951e-07
2.218538007620e-06
1.172687528736e-09
1.167326389867e-06
1.532092638658e-09
-1.416556046222e-08
-3.691399361505e-09
-1.152546480256e-06
-3.033654887659e-09
2.175017226356e-06
2.152221263476e-07
2.860025245007e-11
5.809017375171e-07
-2.493759403559e-06
2.342562233024e-10
-1.174284390662e-06
-2.114036727038e-08
2.416624913343e-10
6.205486360380e-09
1.136571296608e-06
9.415534964387e-09
-2.416620844597e-06
6.079898355880e-08
-5.181951458833e-10
8.948271713351e-08
1.021431313101e-05
1.072523370934e-08
5.313828478176e-06
5.546969706607e-09
-5.477628642880e-09
1.457461111336e-08
-5.317726244656e-06
-1.824799838513e-08
1.019508243031e-05
2.164425416890e-07
-4.371272789820e-10
5.902310249341e-07
2.224140640161e-06
5.784808415954e-11
1.170418809332e-06
-3.250687712005e-09
-1.399412118865e-08
2.335140693065e-09
-1.155701302786e-06
5.608747171831e-09
2.180371316983e-06
2.152443143732e-07
2.860025245007e-11
5.810868432776e-07
-2.494010679703e-06
2.342562122748e-10
-1.173887636355e-06
2.193257910859e-08
7.308979360882e-10
-3.178155635443e-09
1.135874981649e-06
-1.342823314320e-08
-2.415381134342e-06
6.021972633031e-08
-1.146945273621e-09
8.457658729704e-08
1.019767209024e-05
-1.368561989172e-07
5.312072877835e-06
-3.026455905428e-08
-5.611165632089e-09
-1.574151920592e-07
-5.317999632242e-06
8.903392912351e-08
1.019925136544e-05
2.152568582658e-07
-8.045839982702e-10
5.890975897102e-07
2.266868399908e-06
2.518578412155e-08
1.195776417786e-06
-5.386621933357e-08
-4.305074267656e-09
-7.026321083295e-09
-1.189333857772e-06
5.577599176738e-08
2.233904496857e-06
2.153436021797e-07
1.827978947591e-10
5.811177518757e-07
-2.491707600568e-06
2.342585638842e-10
-1.178853200420e-06
1.326417993621e-07
-3.733914005300e-09
-7.707163625269e-08
1.150029905834e-06
7.694399923310e-09
-2.423257020614e-06
8.308668707966e-08
1.093516664441e-09
4.874971368908e-08
1.017086671153e-05
9.723698743894e-08
5.300202424767e-06
9.440358397956e-08
-6.142078832131e-09
1.408499245617e-07
-5.303106109558e-06
-1.437579377159e-07
1.017676768960e-05
4.215702667337e-07
8.282417500547e-10
4.582063349488e-07
2.370320918837e-06
-3.845394600511e-08
1.243112334822e-06
6.077097198363e-08
-3.960995144457e-09
-2.064985983488e-09
-1.260470871585e-06
-5.511865549075e-08
2.343198336201e-06
4.211826185293e-07
-1.303828067847e-11
4.539713588836e-07
-2.503831198333e-06
2.342114075167e-10
-1.150882196785e-06
-9.035166342671e-08
-6.192162404233e-09
1.249684472000e-07
1.189250760825e-06
-8.964502947511e-09
-2.430329747487e-06
8.569717278859e-08
4.459813768259e-10
5.329845234962e-08
1.019254309163e-05
-2.413916972116e-09
5.298438865668e-06
-1.162093452945e-08
-5.640199599525e-09
-1.255335122556e-08
-5.314310174836e-06
2.281999335101e-08
1.018203171612e-05
4.233913020552e-07
4.547698306018e-10
4.591653935095e-07
2.324544807619e-06
-1.041100581026e-09
1.209894923778e-06
1.330394270397e-09
-1.453260550008e-08
-4.211319546815e-09
-1.228098379732e-06
-4.245406221588e-09
2.282755703247e-06
4.212048075147e-07
-1.303828067847e-11
4.540022670018e-07
-2.508038258275e-06
2.342073080946e-10
-1.141612047790e-06
-2.151771313556e-08
9.047163367350e-10
7.477122444275e-09
1.180492208498e-06
1.746719232003e-08
-2.425321970156e-06
8.592254846384e-08
-2.220042284745e-10
5.347596325680e-08
1.019392626031e-05
4.447538126903e-09
5.299399952867e-06
1.714980745756e-08
-5.518640791821e-09
1.703617824299e-08
-5.315253123228e-06
-3.051049425672e-08
1.018377670182e-05
4.235510722900e-07
-3.140482602921e-10
4.593451467860e-07
2.321116143274e-06
2.635595187447e-09
1.209006578929e-06
3.008123522411e-09
-1.364916425280e-08
8.469189731215e-09
-1.226948560186e-06
-1.895675825640e-09
2.280478734636e-06
4.212269955403e-07
1.411593616306e-10
4.541873727623e-07
-2.508761771990e-06
2.342071266600e-10
-1.140110647972e-06
2.415638834844e-08
5.982989044674e-10
-5.480198455826e-09
1.180182978112e-06
-1.978133018733e-08
-2.423300317527e-06
8.376092366042e-08
-8.442030271615e-10
4.929877430449e-08
1.017514866358e-05
-9.489683732898e-08
5.303268193417e-06
-8.871649642264e-08
-5.665561327848e-09
-1.360558905694e-07
-5.305849676844e-06
1.356444153281e-07
1.018176164371e-05
4.220892049258e-07
-6.582730514892e-10
4.586878052972e-07
2.361831264163e-06
3.986545749646e-08
1.239716286765e-06
-5.639537896390e-08
-3.721332591699e-09
5.422258129943e-09
-1.256023932450e-06
4.969144628216e-08
2.335995280515e-06
4.214033821679e-07
1.411593616306e-10
4.542182818404e-07
-2.503993420959e-06
2.342105823556e-10
-1.150677363801e-06
8.964963526768e-08
-5.883214147733e-09
-1.220083465463e-07
1.189496236689e-06
7.904968691692e-09
-2.431148899558e-06
1.011218053590e-07
9.906410939948e-10
1.596099673416e-08
1.028605877169e-05
3.439404228133e-08
5.366678750392e-06
1.499699731662e-07
-6.143578742458e-09
9.721969294846e-08
-5.365056368042e-06
-1.788138922708e-07
1.029484106059e-05
5.704345889097e-07
6.918465555400e-10
2.646421765890e-07
2.245810684089e-06
-5.566860486638e-08
1.171410633716e-06
7.873348053922e-08
-4.115357231499e-09
-1.230285864256e-08
-1.205559556449e-06
-6.246015705769e-08
2.240336685408e-06
5.628749121775e-07
-5.269185376602e-11
2.580551551226e-07
-2.507962325374e-06
2.341744452272e-10
-1.140786638140e-06
-2.155461730444e-09
-7.897976984224e-09
1.655095161893e-07
1.222830993004e-06
-4.601170854066e-08
-2.483454772891e-06
1.052642455212e-07
3.553948222596e-10
1.910802749600e-08
1.030101933454e-05
5.577426227265e-09
5.361601267085e-06
-2.466530469259e-08
-5.587563085545e-09
-1.150781289477e-08
-5.379284444052e-06
3.267033822759e-08
1.030476001193e-05
5.725744542667e-07
3.193132991459e-10
2.648925433052e-07
2.196839537448e-06
-3.988316563837e-09
1.134450263160e-06
-2.122959953687e-08
-1.393825539825e-08
-1.460803272694e-08
-1.176485665248e-06
1.879606622344e-08
2.178697377472e-06
5.628971006830e-07
-2.068894960751e-10
2.581631620619e-07
-2.513651721670e-06
2.341638303643e-10
-1.127317999801e-06
-4.885969802182e-08
-2.553832936297e-10
-1.720861386168e-09
1.221212725822e-06
5.535386536278e-08
-2.485520968311e-06
1.054800221494e-07
-3.037238236877e-10
1.912422596957e-08
1.030156392296e-05
-8.009307416311e-09
5.362032170522e-06
3.002935522447e-08
-5.611009348584e-09
1.195817960958e-08
-5.379625338908e-06
-3.802986524623e-08
1.030547952772e-05
5.727724346494e-07
-4.505167202107e-10
2.648983560017e-07
2.195744065012e-06
2.753943790130e-09
1.133377343234e-06
2.612778875663e-08
-1.442201734568e-08
1.496100770527e-08
-1.175876885177e-06
-2.329775246846e-08
2.177796236747e-06
5.630734877906e-07
-5.269185376602e-11
2.581169723188e-07
-2.513542791050e-06
2.341636047045e-10
-1.128351760662e-06
5.212406804808e-08
8.737805489787e-10
2.683257707617e-09
1.220080984442e-06
-5.845818630232e-08
-2.485780177397e-06
1.017600516719e-07
-9.344694992118e-10
1.598878012357e-08
1.028719295387e-05
-3.727762613924e-08
5.367870578784e-06
-1.447693773257e-07
-6.041833672412e-09
-9.752261611786e-08
-5.365805890121e-06
1.737867070990e-07
1.029632581284e-05
5.708763557363e-07
-8.445520702272e-10
2.646641137915e-07
2.239974523419e-06
5.180449206142e-08
1.170906704279e-06
-7.658443667745e-08
-3.422023592213e-09
1.053173083432e-08
-1.202248783732e-06
6.125040885079e-08
2.235605048542e-06
5.629414786538e-07
-5.269185376602e-11
2.582249782983e-07
-2.510239766148e-06
2.341732765714e-10
-1.135845917741e-06
-5.341924334565e-09
-5.636235049311e-09
-1.585781474567e-07
1.223631407205e-06
5.032609944199e-08
-2.483796762499e-06
1.022595440487e-07
9.218178042528e-10
-2.431705549284e-08
1.038056096022e-05
-3.201575301585e-08
5.421861895396e-06
1.678596565984e-07
-5.995063118496e-09
3.406014981912e-08
-5.414868568378e-06
-1.717524676768e-07
1.038194570887e-05
6.321781753528e-07
7.024729466835e-10
2.603780349228e-08
2.165763368803e-06
-6.254150442211e-08
1.135292208682e-06
4.331057374975e-08
-4.855633006016e-09
-4.155502946028e-08
-1.165122453495e-06
-1.634597812003e-08
2.181799074634e-06
6.187422740441e-07
-2.385212120796e-10
2.273579875739e-08
-2.504033499735e-06
2.341765063795e-10
-1.149419222960e-06
1.666839716131e-08
-2.834687618711e-09
1.443691874319e-07
1.230981588597e-06
1.681803376726e-09
-2.548890740324e-06
1.073940726117e-07
2.787411504847e-10
-2.289108196352e-08
1.039020232540e-05
1.375272067009e-08
5.420777398127e-06
-1.663637348808e-08
-5.611877907455e-09
1.843701238322e-10
-5.428978818320e-06
1.803148246406e-08
1.040572718149e-05
6.343609101661e-07
2.853333220703e-10
2.553738344814e-08
2.111156553424e-06
-9.005968019062e-09
1.097225444916e-06
2.603592012729e-09
-1.384221834647e-08
-1.673445546138e-09
-1.139563834716e-06
-5.468436288149e-09
2.129554416184e-06
6.187644630295e-07
-8.432356977054e-11
2.276670687560e-08
-2.507865879431e-06
2.341605144641e-10
-1.140050331953e-06
-4.195667217325e-09
5.446425277752e-10
1.972996489355e-08
1.231759161670e-06
1.080104460322e-08
-2.552167188163e-06
1.075132217584e-07
-3.616940029889e-10
-2.288320742427e-08
1.039024031941e-05
-1.568294241933e-08
5.420874394771e-06
1.959753357911e-08
-5.635895414990e-09
-1.149466485916e-11
-5.428990599664e-06
-2.071478921818e-08
1.040573752838e-05
6.344374392447e-07
-4.338496707805e-10
2.555041062292e-08
2.110060869754e-06
7.738114840639e-09
1.096851904811e-06
-6.981127306570e-10
-1.370176652017e-08
1.827813007794e-09
-1.138886822649e-06
3.893996301004e-09
2.128358529597e-06
6.187866520149e-07
-8.432356977054e-11
2.279761499380e-08
-2.507843470621e-06
2.341603135284e-10
-1.139827700276e-06
4.742266081625e-09
4.379922912771e-10
-1.942204389750e-08
1.231844719872e-06
-1.125810472326e-08
-2.552332924883e-06
1.026273804503e-07
-1.005511239553e-09
-2.431650463099e-08
1.038091605881e-05
2.999010335818e-08
5.422174979392e-06
-1.645608068712e-07
-6.064800236504e-09
-3.443404645931e-08
-5.414994206374e-06
1.687686927834e-07
1.038217464563e-05
6.324179878991e-07
-8.479571652468e-10
2.604568161751e-08
2.162768292920e-06
6.080672684263e-08
1.134248402251e-06
-4.103550526307e-08
-4.546791041856e-09
4.061010726797e-08
-1.163287954692e-06
1.461476868882e-08
2.178360637026e-06
6.188088410003e-07
6.987407253851e-11
2.282852311201e-08
-2.504445638819e-06
2.341754189543e-10
-1.148301788365e-06
-1.623610001088e-08
-2.859008789922e-09
-1.409044008651e-07
1.231648363714e-06
-2.251767096926e-09
-2.550237021535e-06
9.008796619430e-08
8.741553691772e-10
-6.340968725555e-08
1.049019025035e-05
-9.188259993427e-08
5.481269730018e-06
1.635169684709e-07
-6.048363266128e-09
-3.090184292439e-08
-5.475589242335e-06
-1.420394930300e-07
1.048539096939e-05
5.988889113445e-07
6.114116979404e-10
-2.196228862689e-07
2.045675999653e-06
-5.864614562669e-08
1.085008372767e-06
1.563684734797e-08
-4.363113327428e-09
-5.046697603946e-08
-1.094034524562e-06
1.558259216802e-08
2.080005736974e-06
5.804469475554e-07
-2.573154289816e-10
-2.159536490675e-07
-2.492674479244e-06
2.342236993475e-10
-1.175303304641e-06
6.824012692710e-08
-4.752603511437e-09
1.272940503040e-07
1.211945946866e-06
7.396677969698e-09
-2.578806038278e-06
9.516877836100e-08
2.335901278979e-10
-6.400633417012e-08
1.049751144749e-05
1.976384992062e-08
5.488443115441e-06
-1.553366478369e-08
-5.605506262764e-09
6.036416969557e-09
-5.482869679348e-06
1.204362492745e-08
1.051350707953e-05
6.006211493944e-07
2.123882490067e-10
-2.209047902343e-07
1.990653935973e-06
-1.440659382496e-08
1.051031858566e-06
6.543180006931e-09
-1.408813153463e-08
-5.162989923262e-09
-1.067378532252e-06
-6.377557986126e-09
2.035453756525e-06
5.804691370207e-07
-2.573154289816e-10
-2.159998397704e-07
-2.495707139426e-06
2.342132059602e-10
-1.168200136872e-06
9.751436615948e-09
7.194476249665e-10
1.686872668279e-08
1.209721900413e-06
5.615671989187e-09
-2.587139811753e-06
9.517212303548e-08
-4.058486850407e-10
-6.402568079051e-08
1.050021969832e-05
-2.066731560631e-08
5.490125789194e-06
1.564598815485e-08
-5.673901715412e-09
-6.544823955329e-09
-5.484153836921e-06
-1.064652602589e-08
1.051624547579e-05
6.008391999983e-07
-5.226252492011e-10
-2.209497198192e-07
1.993184960735e-06
9.298340371325e-09
1.053108923387e-06
-1.158920683060e-09
-1.335448554678e-08
3.430255312704e-09
-1.068379478406e-06
2.072226983456e-09
2.037490207766e-06
5.807997212907e-07
-1.031177866726e-10
-2.159689297325e-07
-2.495934396402e-06
2.342130947067e-10
-1.168065990327e-06
-3.815065716563e-09
3.503097315358e-10
-1.825073424669e-08
1.209919321006e-06
-1.254478000398e-08
-2.589431179735e-06
8.990678158666e-08
-1.043309063462e-09
-6.345581916569e-08
1.049479074177e-05
9.397691000249e-08
5.484120513077e-06
-1.682508466057e-07
-6.104583106362e-09
3.058539088032e-08
-5.477652428287e-06
1.466849685935e-07
1.048962363026e-05
5.990640258172e-07
-9.159918215097e-10
-2.197201532208e-07
2.050999416340e-06
6.175439748408e-08
1.088398711828e-06
-2.252192462633e-08
-4.130215383295e-09
5.034733648027e-08
-1.096661963825e-06
-9.166974947058e-09
2.083764126190e-06
5.808219102761e-07
-1.031177866726e-10
-2.159380216143e-07
-2.493051449448e-06
2.342231801492e-10
-1.174417404496e-06
-6.954489907629e-08
-4.567563459084e-09
-1.212038784241e-07
1.212197041660e-06
-4.105026764993e-09
-2.581815495915e-06
6.061142985922e-08
9.756580719223e-10
-9.489028485825e-08
1.056941030681e-05
-1.343211270565e-07
5.521881402970e-06
1.347056190083e-07
-6.211417830921e-09
-8.778433449068e-08
-5.520825160723e-06
-9.292269860871e-08
1.056184243526e-05
4.712592478421e-07
6.508549763585e-10
-4.341699495374e-07
1.976719303283e-06
-3.713878001331e-08
1.060982752884e-06
-1.419434178326e-08
-3.974754308014e-09
-4.467618883030e-08
-1.040692937395e-06
4.263196519341e-08
2.007929681076e-06
4.537016756422e-07
-1.833120764733e-10
-4.220905269170e-07
-2.481764255941e-06
2.342850783850e-10
-1.200991959505e-06
1.103700706736e-07
-6.120927232172e-09
9.088428194417e-08
1.176543413364e-06
1.033022072289e-08
-2.568550631229e-06
6.475335919391e-08
3.306223090687e-10
-9.720713425155e-08
1.057384924195e-05
2.517346551543e-08
5.533149898349e-06
-1.520409419452e-08
-5.596828806286e-09
1.243139327863e-08
-5.518200479876e-06
5.754606095734e-09
1.058079176311e-05
4.719199020706e-07
2.417344067129e-10
-4.357180253580e-07
1.924972945261e-06
-1.207702015796e-08
1.033959447690e-06
6.212363994626e-10
-1.453297511321e-08
-5.712679781496e-09
-1.011355372305e-06
1.936629648284e-09
1.968282373222e-06
4.534154693430e-07
-2.604108976278e-10
-4.220596207185e-07
-2.484361800319e-06
2.342785625996e-10
-1.195927526205e-06
1.426115391168e-08
-4.708239275781e-10
1.176416263996e-08
1.173728669410e-06
6.587463328297e-09
-2.577218411003e-06
6.455818368919e-08
-3.069976754860e-10
-9.719725817602e-08
1.057461088407e-05
-2.272614969427e-08
5.533574318982e-06
1.034848955710e-08
-5.632786353899e-09
-1.215941743982e-08
-5.518552020049e-06
-3.272097213598e-10
1.058117854829e-05
4.718230104539e-07
-5.246067548812e-10
-4.357312341299e-07
1.926949378395e-06
1.199721872546e-08
1.035021313083e-06
-3.349417997523e-09
-1.368185710609e-08
4.893564008875e-09
-1.012709148308e-06
1.634141694165e-09
1.969147192029e-06
4.534376583284e-07
-2.604108976278e-10
-4.220287126002e-07
-2.483759165191e-06
2.342786100522e-10
-1.196467574720e-06
-1.669955462886e-08
-4.809816140433e-10
-1.239258032326e-08
1.171993298578e-06
-4.048854775029e-09
-2.578600452153e-06
5.993362978024e-08
-9.394394240333e-10
-9.482730055090e-08
1.056946262404e-05
1.388240087381e-07
5.521803027751e-06
-1.419500286694e-07
-6.159830384590e-09
8.871006168564e-08
-5.520972843450e-06
9.921515416377e-08
1.056103423793e-05
4.707522855657e-07
-9.173938530733e-10
-4.341531077685e-07
1.982220389746e-06
4.239488782457e-08
1.063686064402e-06
5.934140598971e-09
-3.418638214188e-09
4.568921474100e-08
-1.044120383447e-06
-3.585188998106e-08
2.010889748228e-06
4.534598473138e-07
-2.604108976278e-10
-4.219978044820e-07
-2.482382296847e-06
2.342851360265e-10
-1.200706027092e-06
-1.086372838061e-07
-4.994880515063e-09
-8.431470632483e-08
1.175915162988e-06
-8.451271875462e-09
-2.573113641183e-06
