-6.938893903907e-17
0.000000000000e+00
-5.086685381417e-17
0.000000000000e+00
6.624482199896e-15
0.000000000000e+00
-1.345644223176e-15
0.000000000000e+00
-3.170255883385e-14
0.000000000000e+00
-7.586372515306e-15
0.000000000000e+00
1.146999162316e-14
0.000000000000e+00
9.825473767933e-15
3.827900491739e-11
-7.676359704773e-15
4.394960936339e-10
-3.227279554707e-14
2.311855403414e-15
1.910138713868e-13
-3.828160109385e-10
4.707345624411e-14
2.192734188454e-10
6.538340807591e-07
-6.558739069583e-07
5.588935345913e-07
1.511344018942e-08
-4.930008062657e-10
-2.554537768284e-08
8.666898169193e-09
-1.667343548010e-11
7.381697961434e-09
1.185551477877e-08
5.198119949756e-09
6.152154204044e-09
1.213714082050e-07
-1.657641894687e-07
-2.340163092196e-07
1.243793288117e-09
8.904207563278e-10
2.324253239958e-10
1.599927607608e-09
3.763306772355e-11
-3.103582415370e-09
1.016121063423e-08
-1.244395059566e-10
4.405234632426e-09
-1.120860458094e-08
-2.650073300632e-08
1.106115854188e-07
-1.942942982948e-10
-3.771522920972e-10
3.782808841992e-09
-9.903422605096e-11
-2.774018851082e-11
1.501950148454e-09
2.628111902897e-09
8.650899715341e-11
-5.980886034910e-10
8.175108640973e-07
-6.496071385356e-07
2.595015176632e-07
8.694447065361e-09
1.542394988955e-09
-2.659210933105e-08
1.081796319890e-08
-9.730788030872e-11
3.412118819912e-09
1.017477758114e-08
4.959255096888e-09
1.216714596674e-08
2.144997383879e-08
-1.587352874802e-07
-2.536114296625e-07
5.100210218349e-09
7.481208174242e-10
-6.497367205892e-11
2.800745449905e-10
-1.638067135558e-11
-3.393358858662e-09
9.252612361726e-09
-4.683931868820e-10
2.006002416044e-10
3.502305387371e-08
-3.048934946790e-08
1.282401798225e-07
2.219050229321e-09
-3.642552264334e-10
2.645402573213e-09
5.193686597330e-10
2.450752652718e-12
1.653854117675e-09
1.800431727750e-09
2.411493595118e-10
-2.842768900054e-09
8.647065798187e-07
-6.630407551717e-07
-6.132715826834e-08
4.350488894047e-09
3.339980698942e-09
-2.344625573423e-08
1.143497279700e-08
1.709223060546e-10
-8.473964511861e-10
1.474428582644e-08
4.008693130400e-09
1.751796819107e-08
-7.876125524692e-08
-1.724072113606e-07
-2.613677451274e-07
8.699024729285e-09
5.506122982262e-10
-3.725435956362e-09
-1.048578687638e-09
2.428858551120e-10
-3.375657714943e-09
7.146881670674e-09
-7.097693929875e-10
-2.433728790328e-09
4.199333135391e-08
-2.273131056096e-08
3.453616799487e-08
2.387059530942e-09
-1.667911504764e-10
5.778419846021e-10
6.890701298402e-10
-1.247701727336e-10
6.445088759563e-10
-8.722125994544e-10
2.424111992589e-10
-3.304489069747e-09
7.281469520254e-07
-6.235631626063e-07
-4.235539391856e-07
-7.978884259026e-10
4.563787363684e-09
-1.376765976246e-08
9.614492479069e-09
-1.259325398089e-09
-5.591957041298e-09
1.823362166472e-08
2.334009532885e-09
1.853231998601e-08
-9.835032961647e-08
-1.392181797406e-07
-1.139571080971e-07
5.075150162810e-09
2.930066675850e-11
-4.755305056518e-09
-1.626186180072e-09
-8.285110074906e-10
-1.931984526895e-09
8.707868483357e-10
-7.526479780062e-10
-1.967663239158e-09
2.083696961502e-07
-6.403417735012e-08
1.539863952044e-07
3.725974164498e-09
-1.080193440657e-10
-4.674394572042e-09
2.238538296352e-09
4.929858805895e-10
1.422405628395e-09
-1.939401285617e-09
5.151870246751e-10
-2.356703866454e-09
5.204117077828e-07
-5.956363444776e-07
-5.854496976862e-07
1.036760699405e-08
4.857994147609e-09
-1.629596084679e-08
7.076690030196e-09
2.994827224516e-09
-7.847757762646e-09
2.413162039023e-08
2.173840974229e-10
1.575055026016e-08
-3.081687543482e-07
-2.054973624536e-07
-2.006344967248e-07
7.347086398795e-09
6.092982736856e-10
-1.404961074274e-08
-3.274208490271e-09
1.194629939928e-09
-1.994039148102e-09
5.285351197502e-10
-7.552391188548e-10
2.300262293847e-09
-2.994508099680e-07
2.382859100856e-08
-7.622761185114e-08
-1.347219780342e-09
-1.194052688150e-10
4.475332805907e-09
-2.647513244443e-09
-1.413012775907e-09
-6.647806579307e-10
-2.959113021023e-09
-5.662157890438e-10
-2.361751352131e-09
8.415872209400e-07
-3.637136653689e-07
-1.422878872876e-07
-2.581958946125e-09
1.702098112349e-09
-5.615550417669e-09
1.095932762206e-08
-5.770422297462e-09
-1.766166913403e-09
-3.726013328063e-09
2.279612865242e-09
3.032975276914e-09
-1.841359109911e-07
-7.682510074305e-07
-7.881854193620e-09
5.139268466521e-09
-1.977745388671e-09
-4.043971467023e-08
-3.627712907199e-09
-1.612036267154e-09
-1.257317188731e-10
1.545125495942e-08
-1.622675270483e-09
2.132617585068e-08
-3.385870356865e-07
-5.076645729854e-09
5.346996520897e-08
-3.951547280362e-09
-1.113015816689e-09
-3.750948031724e-09
-5.756317764680e-09
6.187862739624e-10
2.951210527585e-10
-3.563583236658e-09
1.458384212701e-10
2.938527820216e-09
7.851597853825e-08
-6.907322080648e-08
-2.402319659034e-07
4.066584396263e-09
7.363610891380e-10
5.355578632481e-10
1.040592827401e-09
1.006629414400e-09
-3.411511321160e-09
4.159046372706e-09
-7.039604508144e-10
-3.605164119709e-10
2.702817775146e-09
-1.212351404825e-07
-3.576277684408e-08
-7.989396259367e-10
4.188352928537e-10
-5.298404125382e-09
4.289196469786e-10
1.827755438310e-10
-5.355333323066e-10
3.548938493883e-09
8.341684090437e-12
5.839828929948e-09
1.004094064561e-07
-1.620220005781e-07
-1.044001241013e-07
-4.989575892213e-09
5.547683766590e-10
-2.529532123856e-09
1.552706837453e-09
-6.500488770625e-10
-1.554232182516e-09
3.540119507110e-09
2.601963116387e-10
7.866789522267e-09
-5.133301357457e-07
-7.968286474513e-07
-7.464399009449e-07
1.870176137228e-08
2.233002159883e-09
-2.416795332009e-08
-6.829417035798e-09
-6.200405605562e-10
-9.797587564820e-09
2.133693787138e-08
-5.201414260844e-09
5.475332746766e-09
-2.272030669714e-07
-1.660153400045e-07
2.046168888631e-07
-2.302054661805e-09
-1.087669694509e-09
-2.033456283673e-09
-3.122611034871e-09
-3.584497227800e-11
2.801675386263e-09
7.451725734077e-09
-2.300854034677e-10
7.631125012605e-09
6.224343852140e-08
-8.096203493038e-09
-1.009808367480e-07
-2.434636575297e-09
3.828087240254e-10
3.000452407039e-09
7.257278583422e-10
9.689455310883e-11
-1.343359373176e-09
1.116638064010e-09
7.015373971529e-11
1.185965164900e-09
-5.916216185911e-07
-6.183031486842e-07
-5.571273391514e-07
1.437581900661e-08
5.515655233014e-10
-2.386207942729e-08
-7.869589908546e-09
1.104200494364e-10
-7.348709248111e-09
1.164680527206e-08
-4.869933201481e-09
6.137245791432e-09
-1.246704252229e-07
-1.764999086605e-07
2.409942927578e-07
1.476470406331e-09
-9.082836284933e-10
-1.923623143369e-10
-1.638532570503e-09
4.445006197104e-11
3.174445989927e-09
1.072926155658e-08
9.314055730344e-11
4.700455676963e-09
7.487877729754e-09
-1.138305469606e-08
-8.788347855004e-08
-5.318550296185e-10
2.929251420831e-10
4.005408464972e-09
3.418227798659e-11
-5.048384213081e-11
-1.200597403179e-09
1.700098114057e-09
-9.507018077481e-11
-9.016906909987e-10
-7.690033532234e-07
-6.167263616093e-07
-2.794356992186e-07
8.299292663289e-09
-1.374482664423e-09
-2.523485784819e-08
-1.018834165538e-08
-6.086728918831e-11
-3.669205138508e-09
9.850985191378e-09
-4.760663385017e-09
1.146689975265e-08
-2.085182945755e-08
-1.704956172086e-07
2.514529062470e-07
5.493466029023e-09
-7.541520085130e-10
-4.737309453138e-10
-2.734168292706e-10
2.270193282055e-11
3.346664103178e-09
9.934825226675e-09
4.304513144807e-10
3.704322821250e-10
-2.955864297771e-08
-2.323056541380e-08
-9.818776891546e-08
1.918376388841e-09
2.738066196341e-10
2.779151804088e-09
-4.603403098167e-10
-1.068270731033e-11
-1.293634144684e-09
1.424501669319e-09
-2.166194771011e-10
-2.839043892556e-09
-8.270473011718e-07
-6.331742649381e-07
4.884636720104e-08
3.816967757760e-09
-3.157395631942e-09
-2.230435577747e-08
-1.094425922620e-08
-2.377424762938e-11
6.712396207441e-10
1.381750471772e-08
-3.903302086728e-09
1.666852531240e-08
7.967353194555e-08
-1.715761053621e-07
2.493550396443e-07
8.168266449836e-09
-5.474663419011e-10
-3.651203974310e-09
1.063530402417e-09
2.366033921745e-11
3.308907059593e-09
6.792523603045e-09
7.114745412213e-10
-2.270301203001e-09
-6.395847576557e-08
-2.038744496963e-08
-7.791432650450e-08
2.562145833061e-09
1.727200515217e-10
5.954764061944e-10
-9.086510541385e-10
-1.771846180634e-11
-1.004838374183e-09
-9.817526812122e-10
-2.999331426996e-10
-3.599154626134e-09
-7.470905072776e-07
-6.310766265823e-07
3.638464710770e-07
2.469178445909e-09
-4.419920937301e-09
-1.637511475678e-08
-9.875730028674e-09
-3.461550301613e-11
4.833643452943e-09
1.956232685454e-08
-2.401421857207e-09
1.788574715091e-08
1.653053832984e-07
-1.694970262531e-07
1.959398815213e-07
7.657310004523e-09
-2.239377581115e-10
-7.687129286197e-09
2.203018949773e-09
1.538046531818e-11
2.600838219704e-09
2.564077250002e-09
8.526087268801e-10
-1.863620860496e-09
-9.313042333148e-08
-2.413664038466e-08
-5.010619689647e-08
1.668346550509e-09
5.102588426293e-11
-1.739294719954e-09
-1.276225014774e-09
-1.228891338675e-11
-6.144030299175e-10
-3.041000774221e-09
-3.573143492249e-10
-2.551570384504e-09
-5.513992891309e-07
-6.387112847994e-07
6.317100709440e-07
5.969038791237e-09
-5.052986540295e-09
-1.157459904110e-08
-7.279970855095e-09
-2.705294829392e-11
8.369998015533e-09
2.482036337687e-08
-5.104156600900e-10
1.466444110422e-08
2.295402648650e-07
-1.681138671869e-07
1.186974631692e-07
4.427278807071e-09
1.215105287524e-10
-1.024201325266e-08
3.053788856554e-09
1.599788604543e-11
1.571975622968e-09
-1.084442843684e-10
8.818315251045e-10
1.307120106164e-09
-1.081556557925e-07
-2.472132787262e-08
-1.131134327349e-08
-6.299274633815e-10
-9.267057250632e-11
-2.561072438392e-09
-1.453540829800e-09
-1.359355344669e-11
-8.820014441295e-11
-3.826993485133e-09
-3.600982727982e-10
-2.304488868070e-10
-2.667830656944e-07
-6.426242214054e-07
8.008844472329e-07
1.201897636255e-08
-4.897561857558e-09
-1.046206112324e-08
-3.509612951169e-09
-2.542271002687e-11
1.060420185884e-08
2.615708952648e-08
1.485246994490e-09
8.755915993229e-09
2.580313194084e-07
-1.667414383147e-07
2.172062245342e-08
2.877782912143e-10
4.474131027251e-10
-9.753034724454e-09
3.429385554612e-09
1.580190824324e-11
2.838272039271e-10
2.510406489891e-10
7.685459635464e-10
5.380469002790e-09
-1.077952073436e-07
-2.593941622273e-08
3.160694510979e-08
-2.828385156834e-09
-2.329324630616e-10
-1.546627212857e-09
-1.426723198784e-09
-1.424558607327e-11
4.835970678812e-10
-2.726964799370e-09
-3.076445990811e-10
2.017863671403e-09
6.329701644769e-08
-6.482511529311e-07
8.480547841333e-07
1.724711158331e-08
-3.983074830795e-09
-1.402912309587e-08
8.597601383002e-10
-2.895591545008e-11
1.122217252925e-08
2.289554602202e-08
3.286008282024e-09
3.718121662551e-09
2.483957384641e-07
-1.660224370632e-07
-7.923493104689e-08
-2.343258879794e-09
7.102574459316e-10
-6.527783826503e-09
3.297600939057e-09
1.858611345445e-11
-1.056329071523e-09
3.400998033220e-09
5.412926355123e-10
7.976664290188e-09
-8.907763274224e-08
-2.621996494331e-08
7.144883870658e-08
-3.629372854336e-09
-3.377097445068e-10
7.783547109792e-10
-1.154975170625e-09
-1.113924163928e-11
1.005951227916e-09
-3.724366587159e-10
-1.966504934379e-10
2.837823131542e-09
3.876309294243e-07
-6.507474953626e-07
7.619279494969e-07
1.853066503661e-08
-2.431504305198e-09
-2.021064993021e-08
5.148129414087e-09
-2.742248605527e-11
1.007548342154e-08
1.686816328283e-08
4.588900452706e-09
2.528287414930e-09
1.992345319279e-07
-1.640418467297e-07
-1.685207126484e-07
-1.948255472532e-09
8.649622515027e-10
-2.372296545078e-09
2.645292969806e-09
2.292181348060e-11
-2.241756084584e-09
7.427400785907e-09
2.300221510208e-10
7.512689957276e-09
-5.689801200331e-08
-2.698021441320e-08
1.033446768439e-07
-2.540910640420e-09
-4.006032765701e-10
3.002437744173e-09
-7.102432611223e-10
-1.138524534739e-11
1.412748273184e-09
1.894807377061e-09
-5.897649548398e-11
1.774198977349e-09
1.313863859875e-06
-1.636593359138e-10
1.108422607810e-06
3.027849199394e-08
2.335406563956e-11
-5.117634490019e-08
2.101619149975e-11
3.239045806321e-11
-2.469769506096e-11
2.367070483752e-08
-8.116671071547e-12
1.232913512581e-08
2.400374916056e-07
4.433300108367e-09
-4.649014058861e-07
2.403480458982e-09
-8.096002620601e-12
5.641219115102e-10
1.833739160951e-12
-1.894844770722e-11
-2.440471869730e-12
2.002723837925e-08
-5.294015659171e-12
8.673446341028e-09
-2.537896756812e-08
-2.869397338109e-09
2.318104167370e-07
-3.216563459744e-10
-3.345017973753e-11
7.526563742264e-09
-2.169219361428e-11
2.070970071251e-12
8.082380945074e-11
5.436995179569e-09
-9.967024301227e-12
-1.141114229909e-09
1.640711649590e-06
-1.043511007551e-08
5.134494617531e-07
1.763803192982e-08
8.295163406917e-12
-5.345953198708e-08
4.823957405813e-11
3.242267215652e-11
1.529702167886e-11
2.080908038846e-08
-7.939708513731e-12
2.457024950121e-08
4.237756297959e-08
-4.105168131889e-09
-5.130594651209e-07
1.030476599496e-08
-1.876012929362e-11
-9.866735217485e-11
5.294259280107e-12
-1.444248847170e-11
-3.398737259512e-11
1.869117240361e-08
-5.057484007856e-11
3.865472194718e-10
6.721534731580e-08
1.737485405117e-11
2.405411936718e-07
4.391528720369e-09
4.064370450202e-12
5.208453897126e-09
-1.839422163847e-11
-1.528057121821e-12
-7.882657330691e-11
3.598197534171e-09
-6.044249686426e-11
-5.585144659151e-09
1.706160526568e-06
2.786235012617e-08
-1.530152902995e-07
7.772667398815e-09
2.250052917281e-11
-4.624294933564e-08
-1.597248382819e-10
2.719081359881e-11
-1.946958618632e-10
2.844042668829e-08
-1.821327821750e-10
3.504572064971e-08
-1.550909377382e-07
3.674592296277e-08
-4.945155535896e-07
1.577068460475e-08
-1.242806695867e-11
-6.426650005242e-09
9.357970886907e-12
-9.031815999609e-12
9.166385359083e-11
1.276731141821e-08
4.875824926374e-11
-4.718242092167e-09
1.460353218768e-07
-1.567945192138e-08
1.769208813340e-07
5.736517718583e-09
-2.043295059775e-10
6.324183817689e-10
4.630848588708e-10
1.008708322677e-11
7.031926597002e-10
-1.485809727206e-09
2.846539837727e-10
-7.185631468423e-09
1.586950602483e-06
-1.966682116454e-07
-8.322072624356e-07
3.960630171268e-09
3.425115647639e-10
-3.441330398337e-08
1.200304865700e-09
-4.085934930886e-11
1.476244625674e-10
4.192488990755e-08
5.004261898877e-10
3.851993446170e-08
-3.167125681713e-07
-1.334260557480e-07
-3.757288718764e-07
1.565344080295e-08
-1.813380969476e-10
-1.570119079162e-08
-6.463373389016e-10
-5.618552763540e-11
-7.693054240518e-10
4.568634830800e-09
-5.522591506911e-10
-4.425391328887e-09
1.437797409187e-07
7.188166387076e-08
8.073570355316e-08
4.910825571021e-09
4.666588168938e-11
-5.545365625541e-09
-1.702540327036e-09
-2.598141154675e-11
-1.223456857634e-09
-4.208761971206e-09
-8.923176921810e-10
-4.377067660470e-09
8.776302645452e-07
4.152783197308e-07
-1.037162559954e-06
1.031901555241e-08
-1.257466047082e-09
-1.628626683644e-08
-1.442772494791e-09
-3.718290593891e-10
1.270531593128e-09
3.782846824757e-08
-4.953021912533e-10
2.464222840657e-08
-2.411422339033e-07
1.594733071237e-07
-1.775054890019e-07
9.479459109763e-09
1.292845179114e-09
-1.900460296400e-08
1.987904576627e-09
-2.115683378391e-10
1.000122313742e-09
-2.573263763531e-10
6.307867683395e-10
2.774537509898e-09
3.795498236536e-08
-2.115337640173e-07
-3.676073364114e-08
-3.765944097366e-10
4.866722435253e-10
-5.844439731306e-09
4.095676944512e-09
-2.313620332609e-11
4.942170427785e-10
-6.370926572104e-09
1.761735327028e-09
1.747290035640e-10
1.790309383368e-06
-9.181178436697e-07
-6.741430604775e-07
5.870984489797e-09
1.626140848818e-09
-5.263564850064e-08
1.130536402124e-09
-1.717182323967e-10
-3.676928743928e-09
1.462176484122e-08
-4.468494163203e-10
2.412505353836e-08
-1.249577172430e-06
-2.231092300265e-07
-1.059815612700e-08
1.000116651675e-08
-3.045188118957e-09
-9.896739812870e-08
-5.029628038708e-09
2.021603563317e-10
7.687255563008e-12
3.207866246312e-08
-2.266822013958e-09
5.310844169456e-08
-8.253405643088e-07
9.847602322298e-08
8.152663391603e-09
-9.802063688611e-09
-7.622866090240e-10
-6.266796859005e-09
-8.019871370734e-10
2.623555746836e-11
-1.404389734930e-10
-6.662406917390e-09
1.789707566926e-09
4.445289014763e-09
1.418951377924e-07
1.492850042873e-07
-3.663214563979e-07
4.009945061547e-09
-1.181513788443e-09
5.923712146565e-09
-2.055564058811e-10
-1.105776597721e-10
1.097674931960e-09
5.036839830202e-09
7.250241808974e-11
-5.666216518067e-09
2.138767838111e-07
2.886646237494e-08
-1.368903574314e-07
-1.659507529875e-09
7.839764674641e-10
-9.641159201285e-09
1.220488149347e-09
-1.219566898851e-12
-4.074902819687e-10
7.181444794629e-09
1.351175775942e-11
1.109248817994e-08
2.660838125529e-07
-9.798545176627e-08
-2.585356370585e-07
-1.079379528042e-08
2.322140116188e-10
-8.441411348842e-09
2.860544227705e-10
3.533499186887e-11
-2.687071454016e-10
1.084047511436e-08
3.208521117982e-11
2.017858557877e-08
-1.118175378040e-06
-9.428551611874e-08
-1.462449870704e-06
3.753054140192e-08
-2.117244323413e-10
-5.085250224374e-08
-6.753188674501e-10
-6.377083208015e-14
1.189943664437e-10
4.597792023931e-08
-2.582233854493e-10
1.413504204797e-08
-4.982812587817e-07
-6.537852820387e-09
4.495730416554e-07
-4.848514832461e-09
-1.920968796849e-10
-4.029436054351e-09
-2.932144871955e-10
-2.141110267067e-11
2.771069502333e-10
1.515152348223e-08
7.630655563506e-11
1.563460178287e-08
1.136021520950e-07
1.679901295305e-08
-1.902047172680e-07
-4.868882543831e-09
-3.152642018050e-11
6.209565797319e-09
-2.228555209295e-11
1.993239948333e-11
5.999743323687e-11
1.380397676407e-09
3.702694796220e-11
1.763412012359e-09
-1.179319422159e-06
2.145213474024e-08
-1.110070525848e-06
2.857720483023e-08
-2.903706126124e-11
-4.744209452312e-08
9.762524501907e-11
3.567035900608e-11
-3.841941825442e-11
2.237154029811e-08
3.301285618419e-11
1.177945463632e-08
-2.427105825556e-07
5.454202170287e-09
4.650082099378e-07
2.898250127793e-09
4.094232276399e-11
-3.375926100084e-10
3.675021064916e-11
-2.128122191068e-11
-8.486051162986e-11
2.112905356693e-08
-5.967443508817e-11
9.231755990964e-09
1.558709138844e-08
-6.705195146425e-09
-1.838760435718e-07
-9.237836390820e-10
1.036582132935e-11
7.924753536660e-09
1.594002423680e-11
9.488758224355e-12
-5.984468411276e-11
3.789758009167e-09
-3.939981431123e-11
-1.675805111568e-09
-1.545449907537e-06
-5.216300962873e-09
-5.442538508760e-07
1.675479068764e-08
-6.317828610065e-11
-5.067351788331e-08
-4.491598897829e-11
2.867273310922e-11
4.710402966117e-11
1.998354320801e-08
-1.694193045544e-11
2.312765150442e-08
-4.220456215412e-08
3.376852156667e-09
5.050601097206e-07
1.088039237784e-08
-1.087668418279e-11
-8.413779315191e-10
-2.311951194725e-12
-1.066367744063e-11
2.732554287010e-11
1.968511682550e-08
-1.089546536311e-11
6.848976433194e-10
-6.060605915043e-08
-5.825251740920e-10
-1.997534633674e-07
3.863417659194e-09
1.621615057269e-12
5.520319118165e-09
-2.845631011644e-12
3.036114741440e-12
-5.047994661167e-11
2.890360332748e-09
-2.128475724920e-11
-5.656143897323e-09
-1.654019568857e-06
-2.123330950572e-09
1.065516452292e-07
7.690312727555e-09
-2.916566751953e-11
-4.470303621002e-08
-1.589343598136e-11
2.021319323756e-11
1.654826427798e-11
2.774386218858e-08
3.247855060900e-12
3.345563713206e-08
1.593637632205e-07
2.669326028662e-09
4.986900662141e-07
1.621977965230e-08
-7.011188596155e-12
-7.189190912883e-09
6.042550249226e-12
-1.284368275689e-11
1.993488056920e-11
1.344534197758e-08
-2.438226070158e-12
-4.566503058936e-09
-1.309172099617e-07
-6.901104530965e-10
-1.594856589432e-07
5.179248805873e-09
1.605904843740e-12
1.132283747123e-09
-1.996684902920e-11
8.391315039986e-12
-4.085456885988e-11
-1.907969418200e-09
-1.544113118997e-11
-7.186525797956e-09
-1.490175991076e-06
-1.663725174243e-09
7.349698228493e-07
5.053475876258e-09
-8.629192880387e-12
-3.285238878116e-08
-6.864715610191e-12
2.155858545029e-11
1.336512020847e-11
3.925792096038e-08
1.444213872711e-11
3.584681009048e-08
3.317007793435e-07
1.559736321100e-09
3.927223530681e-07
1.523698100466e-08
2.550992421812e-13
-1.527145771494e-08
1.564083433082e-11
-1.322032859005e-11
1.968585689426e-11
5.053389370911e-09
4.190231787273e-12
-3.751568391553e-09
-1.888783258824e-07
-9.517765386961e-11
-1.015598185619e-07
3.361968755174e-09
1.672362735686e-12
-3.518563457745e-09
-2.684304731618e-11
7.051524729619e-12
-2.450975587851e-11
-6.057759072359e-09
-9.648755516644e-12
-5.090783514736e-09
-1.096510757026e-06
-1.116711438939e-09
1.266903683357e-06
1.203624166004e-08
6.844217226779e-12
-2.323507804897e-08
-7.258498056079e-12
1.576055412051e-11
6.540036145020e-12
4.970609051451e-08
1.455764201556e-11
2.937281947244e-08
4.603211822551e-07
1.075716786592e-09
2.375741853765e-07
8.801963809804e-09
5.699236468894e-12
-2.038460796794e-08
2.167019667008e-11
-1.342353168214e-11
1.217873283504e-11
-2.687122332371e-10
4.616126131420e-12
2.579122940254e-09
-2.186612462346e-07
-9.133511768657e-10
-2.275014550183e-08
-1.240122760016e-09
-1.897861063850e-12
-5.168448309315e-09
-3.238032845326e-11
5.497246941824e-12
-1.250486841083e-11
-7.628867811560e-09
-1.046542526157e-11
-4.391719903458e-10
-5.259507891153e-07
-5.137496879500e-10
1.603501763824e-06
2.412786898379e-08
9.404756731843e-12
-2.100576769519e-08
-3.212696818647e-12
1.645254780676e-11
1.134522640764e-11
5.238771491015e-08
1.372792095441e-11
1.756731972424e-08
5.169528873583e-07
9.029896423195e-10
4.328055253772e-08
5.469115406864e-10
4.239332393034e-12
-1.940308661891e-08
2.395829910330e-11
-1.327429714655e-11
1.768740644399e-12
4.567225385865e-10
8.299940536367e-13
1.070301850088e-08
-2.181347275310e-07
-2.159785856231e-10
6.411200752232e-08
-5.650805364214e-09
-6.453191822478e-12
-3.127890335088e-09
-3.255379971666e-11
4.217795893516e-12
6.979838798951e-13
-5.433383975053e-09
-8.992908592768e-12
4.059716462144e-09
1.360286633056e-07
-3.217655344955e-10
1.695626746123e-06
3.459881058260e-08
1.359834794462e-11
-2.813863250945e-08
8.144648367195e-12
2.092859178456e-11
1.306488109972e-11
4.586585783807e-08
1.572565550007e-11
7.476020215218e-09
4.956165706033e-07
1.417286465183e-09
-1.582967370795e-07
-4.702303202527e-09
3.365536953539e-16
-1.295494238892e-08
1.269232679027e-11
-1.806463263126e-11
-4.094628282270e-12
6.725935013910e-09
-4.629492129431e-12
1.586582302901e-08
-1.802344296031e-07
-4.983354928838e-10
1.449329962155e-07
-7.256333739067e-09
-6.878068763321e-12
1.524218827651e-09
-2.847500555660e-11
7.507317004450e-12
1.355025878828e-11
-7.058201541678e-10
-1.953405221762e-12
5.710623251023e-09
7.833336448243e-07
-1.678219709783e-09
1.520854513895e-06
3.716317750925e-08
1.050055652483e-11
-4.052919691684e-08
1.488759723139e-11
3.192362824541e-11
1.172920788273e-11
3.379440459677e-08
1.082061093947e-11
5.108183963494e-09
3.988503780999e-07
1.022708323058e-09
-3.369748138721e-07
-3.918973459985e-09
-9.196914287052e-13
-4.669268511984e-09
1.177091692346e-11
-2.107899652844e-11
-8.773929499606e-12
1.474313440455e-08
-2.363199986774e-12
1.494948431062e-08
-1.158592764089e-07
-1.148282056978e-09
2.090288727385e-07
-5.056414148334e-09
-6.700328476126e-12
5.959650237067e-09
-2.185332676537e-11
2.049177298046e-12
2.025876623575e-11
3.850822718655e-09
-4.680693501138e-12
3.590729288558e-09
1.313437204817e-06
6.751890640101e-09
1.102427050204e-06
3.019951340313e-08
-9.890335616358e-12
-5.105024604234e-08
-2.109594736312e-11
3.106363544907e-11
-3.907271359758e-11
2.345295547438e-08
-2.429291008600e-11
1.221141403317e-08
2.384665326177e-07
1.062266957302e-09
-4.603834238559e-07
2.343054969907e-09
-1.682070436425e-11
6.285730807382e-10
-2.645927579684e-11
-1.611642905709e-11
5.372395150277e-11
1.977302360401e-08
4.173980009381e-12
8.556784799788e-09
-2.716350337630e-08
-2.015095681701e-09
2.399444920115e-07
-2.384353662047e-10
-1.140529643212e-11
7.499806988984e-09
4.154654376608e-12
5.846851035632e-12
7.385993726350e-12
5.667425528779e-09
-1.268498415521e-11
-1.071656029758e-09
1.645745648515e-06
-7.616853728756e-09
5.152945681819e-07
1.789114012391e-08
-2.182960670507e-11
-5.367357162542e-08
1.211211518451e-11
2.660975852548e-11
1.013134780063e-11
2.132603547862e-08
-3.382275517993e-12
2.473245317033e-08
4.418767058853e-08
-5.595269201550e-09
-5.147321311683e-07
1.055567234496e-08
-2.235608063329e-11
-1.147025699248e-10
4.928291607274e-12
-2.237053903402e-11
1.967787434734e-11
1.912911353138e-08
-3.913411820490e-11
3.892963284634e-10
6.392214748491e-08
-9.266878761474e-11
2.196087603989e-07
4.331618190111e-09
2.373537234395e-11
5.091837019838e-09
-2.436483263410e-11
1.161222453381e-11
-1.479395954698e-10
3.596821691561e-09
-6.710358050191e-11
-5.440785344067e-09
1.672655728022e-06
3.379649963342e-08
-1.911774766827e-07
6.304134492479e-09
4.398394827328e-12
-4.514111849986e-08
-2.108567070946e-10
5.311312468396e-11
-1.986070598346e-10
2.669558940615e-08
-1.727213059349e-10
3.493916680107e-08
-1.524972136971e-07
3.651343627207e-08
-4.723768496778e-07
1.338234783524e-08
-1.115047476430e-11
-4.992573761310e-09
3.208428412272e-11
-7.906969210342e-13
1.499349435840e-10
1.057771903092e-08
6.968408005112e-11
-4.385131343438e-09
2.317104004917e-07
-1.558961119348e-08
3.063767596845e-07
7.178592573945e-09
-2.062489232162e-10
-6.013483179294e-11
4.596109007705e-10
-9.890890254374e-12
6.835916331691e-10
-1.195480307846e-09
2.774164649931e-10
-8.152385709212e-09
1.822182568445e-06
-2.116703868095e-07
-7.978532500369e-07
1.246157425709e-08
3.450186208500e-10
-4.508872820702e-08
1.314936696637e-09
-1.294642005460e-10
2.153840274535e-10
5.017819674878e-08
6.008115711877e-10
4.048467866871e-08
-4.391112970042e-07
-1.498278176517e-07
-5.261661694678e-07
2.465958171902e-08
-1.720700968326e-10
-2.581124858552e-08
-6.604000894316e-10
-1.304947431923e-10
-7.938682434951e-10
9.122230767641e-09
-6.380243262075e-10
-5.356629384631e-09
-1.650105161538e-07
7.221559604585e-08
-1.436021634729e-07
1.524367921346e-09
4.023132312934e-12
-4.057987019329e-10
-1.596663416282e-09
2.846037069476e-11
-1.190383656989e-09
-4.823895244409e-09
-8.456876422596e-10
-4.083948454046e-09
6.432697730319e-07
3.475160744906e-07
-7.844053311404e-07
-2.290310787377e-09
-1.307165895850e-09
3.447326345392e-09
-1.007811183248e-09
-3.064079299806e-10
1.317174961224e-09
2.407391610770e-08
-2.610990767197e-10
1.578809404292e-08
9.110270637880e-08
1.233106292086e-07
-3.916511871760e-09
3.529172190055e-09
1.130856624026e-09
-9.045409592515e-09
1.740091243839e-09
-2.169771142576e-10
8.313351195595e-10
-1.743891105740e-09
2.555410264979e-10
8.628579134290e-10
8.426287427532e-07
-2.520395212398e-07
5.567120255762e-08
3.656726657478e-09
5.664834585988e-10
-3.092993348225e-08
4.439493051390e-09
-4.916394156849e-10
4.519683707697e-10
-7.520902243867e-09
2.198586833892e-09
8.033194810985e-09
1.960380293015e-06
-1.010669259945e-06
-1.389826163146e-06
2.293107049297e-08
1.697367720638e-09
-1.174786414821e-07
3.929474532219e-10
-8.242483033216e-10
-4.187646175503e-09
4.873865890433e-08
-8.075676176561e-10
5.252942460715e-08
-2.249130981236e-06
-1.944013557372e-07
-1.487167208825e-09
8.912478275573e-09
-2.734453794093e-09
-1.252408008781e-07
-4.992013214042e-09
7.543919228851e-11
-5.537741516433e-11
3.322637647061e-08
-2.451356046067e-09
6.767391320229e-08
-8.954572923991e-07
8.649720881673e-08
-3.101415110840e-08
-1.199969899314e-08
-5.472228734068e-10
-5.098907880310e-09
-5.318580363449e-10
-9.292702934172e-11
-1.652142903280e-10
-5.052702109357e-09
1.811351084918e-09
2.657999265295e-09
8.051752399540e-08
1.286996269550e-07
-1.487214162862e-07
-1.751414987865e-09
-1.174473458018e-09
1.213146473073e-08
-3.921235278755e-10
-7.565080396406e-11
1.095730212727e-09
5.813904483710e-10
2.025115655613e-12
-1.150994734456e-08
4.363764026655e-07
2.979058722963e-08
-2.114054525465e-07
-1.662528406068e-09
7.533535261041e-10
-8.336263827944e-09
1.090513765444e-09
2.258545123364e-11
-3.643078424652e-10
7.358137212921e-09
2.008500210255e-11
1.016634795797e-08
3.144919990539e-07
-9.682469165915e-08
-3.100028000136e-07
-1.214489704876e-08
2.340704116452e-10
-1.329885295501e-08
2.280424037538e-10
-4.403279081376e-11
-2.488854330962e-10
1.626977581799e-08
5.059764934061e-11
2.666093587545e-08
-1.243330281300e-06
-9.851372097681e-08
-1.441114426015e-06
3.758105017828e-08
-1.810208454777e-10
-5.458068203158e-08
-6.799075894307e-10
-7.512967518311e-11
1.105844722434e-10
5.099033125724e-08
-2.809907310050e-10
1.876470733105e-08
-5.507852731956e-07
-9.689596135430e-09
5.001443466324e-07
-5.222726760508e-09
-2.037839597304e-10
-4.082020442909e-09
-2.727050486470e-10
-2.526071524631e-11
2.675933853842e-10
1.571975003612e-08
7.019587792217e-11
1.636391391333e-08
1.049727322219e-07
1.993894065169e-08
-1.734694353855e-07
-4.859422288173e-09
-4.694484195502e-11
6.554528499277e-09
-6.968440960983e-11
1.513539921643e-11
1.114372357412e-10
-6.112042837993e-11
3.481193023258e-11
7.312081113801e-10
-1.155173409588e-06
2.787705939050e-08
-1.119719758053e-06
2.817529209498e-08
1.899880491786e-11
-4.674063178301e-08
1.526852809767e-10
4.762923904798e-11
-2.323011227823e-11
2.081649008311e-08
5.397384872179e-11
1.084872687648e-08
-2.339152815715e-07
1.184343891432e-09
4.462965597779e-07
2.896547448129e-09
5.015264131421e-11
-3.802199001609e-10
6.260370338990e-11
-1.012450390851e-11
-1.338873820839e-10
2.085554918288e-08
-6.990279051542e-11
9.095777687423e-09
1.594938607574e-08
-5.742134794086e-09
-1.887733902806e-07
-7.473346951182e-10
-1.108673288796e-11
7.836451313054e-09
-1.102784226106e-11
2.563081667826e-12
1.166591324410e-11
4.311862653720e-09
-3.873404438238e-11
-1.514548193213e-09
-1.550340676695e-06
-2.052417035025e-09
-5.343747716269e-07
1.688204642001e-08
-2.375651763724e-11
-5.079201128070e-08
-7.344510524927e-12
2.776794103966e-11
5.089503991862e-11
2.025542955104e-08
-3.086137558318e-11
2.323314277053e-08
-4.204593864049e-08
-2.496050358861e-10
5.059146638148e-07
1.081191185859e-08
-1.226904247625e-11
-7.690667795527e-10
2.742616897478e-12
-1.976756844627e-11
-1.560023507943e-11
1.956766704533e-08
-2.193666441406e-11
6.554816032404e-10
-6.098780063607e-08
4.124804016711e-10
-2.030128311015e-07
3.871872831737e-09
-1.185523286598e-11
5.494505308742e-09
-3.292135444463e-13
8.444109200882e-12
2.303282391203e-11
2.904839085444e-09
-1.409486110418e-11
-5.638309440105e-09
-1.654271496516e-06
1.470128139472e-09
1.088984932646e-07
7.694102323796e-09
-2.400028395890e-13
-4.473269615488e-08
1.270182711181e-11
2.394910711227e-11
4.505388900497e-12
2.776987926553e-08
-2.161291169275e-11
3.348743629757e-08
1.594134191735e-07
-8.774875079930e-10
4.983601463726e-07
1.616424122498e-08
-9.539101516216e-12
-7.135923846670e-09
-6.636565862833e-12
-1.530266362380e-11
-2.280286842595e-11
1.338323181433e-08
-1.323317299786e-11
-4.570688514629e-09
-1.320604864907e-07
2.674557167623e-10
-1.613886755764e-07
5.212537018608e-09
-8.627136428540e-12
1.101898596781e-09
7.461786722361e-12
1.030296399352e-11
2.071260350733e-11
-1.880354927645e-09
-2.160304527668e-12
-7.184911521969e-09
-1.490477404872e-06
-6.348945142413e-10
7.365507831425e-07
5.102987124441e-09
-7.580346037403e-12
-3.292134977400e-08
5.856639392204e-12
2.545174740947e-11
2.895085972170e-12
3.932445650481e-08
-2.434225944130e-11
3.587613251800e-08
3.324042326530e-07
-7.611090779291e-10
3.935942934699e-07
1.522734371064e-08
-6.434507894431e-12
-1.525154426727e-08
-9.447623672970e-12
-1.323823790996e-11
-1.305001929002e-11
5.038552712317e-09
-1.824984428116e-12
-3.759847577159e-09
-1.896763519305e-07
5.388222709233e-10
-1.021778433738e-07
3.356790150071e-09
-3.274895747633e-12
-3.511129093626e-09
1.905100383004e-11
7.436486718765e-12
1.892053386795e-11
-6.059768384347e-09
6.091379722745e-12
-5.089457340431e-09
-1.097195180003e-06
-3.377768917618e-10
1.267283473019e-06
1.205220795191e-08
-1.373522029495e-11
-2.326670940433e-08
1.636077774994e-12
1.617732871182e-11
-3.270795418363e-12
4.973386287331e-08
-2.394784864052e-11
2.938849703820e-08
4.613941267939e-07
-1.150519583128e-09
2.379499027720e-07
8.808418204304e-09
-2.960762176176e-12
-2.039583717870e-08
-1.475320039745e-11
-1.752797222505e-11
-8.934714716669e-12
-2.615722835813e-10
1.361425032107e-12
2.582422205670e-09
-2.198392743125e-07
8.114352350916e-10
-2.289457171414e-08
-1.248084428233e-09
-6.809534685581e-13
-5.150071819169e-09
2.950253843309e-11
7.439923308290e-12
1.142402417510e-11
-7.634993554485e-09
5.769083810961e-12
-4.463210965362e-10
-5.262833479847e-07
1.752711710465e-09
1.603523072626e-06
2.412241890916e-08
-8.736478604458e-12
-2.101097375300e-08
-6.582102267741e-12
2.231772124818e-11
-1.389491982844e-11
5.237639365990e-08
-1.713473332946e-11
1.756841148232e-08
5.172850447294e-07
-2.406397702840e-09
4.329136987780e-08
5.543528748021e-10
-5.519494057042e-12
-1.942892130505e-08
-1.889434637393e-11
-2.005329260611e-11
-1.494646854200e-12
4.695366809119e-10
1.811366115941e-12
1.071737630652e-08
-2.186016338224e-07
6.530184073808e-10
6.408767159322e-08
-5.654536851447e-09
2.764668248381e-12
-3.110061312487e-09
4.435136481164e-11
7.465163054981e-12
-3.336967746397e-12
-5.440965368682e-09
9.292693780557e-12
4.047774018528e-09
1.361121404475e-07
3.199423153787e-09
1.695107531549e-06
3.457890480332e-08
-1.427994575155e-11
-2.809438399032e-08
-1.186706982681e-11
2.940243358616e-11
-1.483990426203e-11
4.583152245783e-08
-1.886844803536e-11
7.451290128858e-09
4.945882799978e-07
-2.269302417834e-09
-1.579744326186e-07
-4.695310959805e-09
-6.956935589680e-12
-1.296332248317e-08
-2.367101371685e-11
-1.966113389293e-11
8.777766274254e-12
6.734266946927e-09
1.804853324052e-12
1.586789090901e-08
-1.794123366816e-07
5.708457467210e-10
1.443776142529e-07
-7.252587087641e-09
1.113891621338e-11
1.519118226069e-09
3.993048491684e-11
5.494072884384e-12
-2.038571113132e-11
-7.022000439341e-10
1.159136814316e-11
5.712539096869e-09
7.826095520247e-07
3.462349275024e-09
1.519849503959e-06
3.713527138642e-08
-1.709275689989e-11
-4.047334565313e-08
-1.919504008865e-11
3.317953989627e-11
-2.261861292881e-11
3.373373262412e-08
-1.552532523114e-11
5.064183650335e-09
3.969615752983e-07
-1.329187924180e-09
-3.351841979388e-07
-3.923760017854e-09
-1.267459699426e-11
-4.661791267358e-09
-3.116282047948e-11
-1.800368480890e-11
2.656027112656e-11
1.474517844041e-08
3.384198415195e-12
1.494859068013e-08
-1.144008446100e-07
-3.669178172421e-10
2.071006971055e-07
-5.037865844545e-09
1.642046915652e-11
5.915471806839e-09
3.370692581387e-11
6.854938872211e-12
-4.000953431407e-11
3.904289069922e-09
3.206498626312e-12
3.627733394473e-09
6.540790336781e-07
6.509784458226e-07
5.518433668916e-07
1.502699400879e-08
4.763528641511e-10
-2.540730620225e-08
-8.669016475157e-09
-5.578650445246e-11
-7.294652706099e-09
1.159561722845e-08
-5.177183497142e-09
6.016998563459e-09
1.172755759067e-07
1.621505288040e-07
-2.271966386969e-07
1.172104034056e-09
-8.780903319146e-10
3.059057690318e-10
-1.566068659573e-09
-3.581688518798e-12
3.031360031915e-09
9.860860782445e-09
1.142799593052e-10
4.272134302433e-09
-1.443940803557e-08
2.973854809046e-08
1.215802208909e-07
-1.017064805720e-10
3.959985936639e-10
3.749549292147e-09
1.238375192051e-10
4.332186126217e-12
-1.623715080359e-09
2.892683181992e-09
-1.122012206591e-10
-5.220448871367e-10
8.223538115579e-07
6.583757634100e-07
2.612841935590e-07
9.001731658764e-09
-1.564859787349e-09
-2.685246350254e-08
-1.089832202860e-08
2.391049379206e-11
-3.449101840074e-09
1.079465039479e-08
-5.030137555421e-09
1.237738779048e-08
2.197546154770e-08
1.649933068493e-07
-2.588774730417e-07
5.392632957855e-09
-7.797723586324e-10
-9.379661240413e-11
-2.921478135364e-10
5.282039080000e-11
3.420658895893e-09
9.768761388470e-09
4.215118861222e-10
2.195971682490e-10
2.974880102674e-08
3.060427072573e-08
9.791851991736e-08
2.128297970695e-09
2.839408183596e-10
2.518443031050e-09
-4.576802275385e-10
-1.884928351556e-11
-1.336233619847e-09
1.773425724062e-09
-2.436225592098e-10
-2.675149275494e-09
8.239978875058e-07
6.241257145256e-07
-1.059097198830e-07
2.585173578895e-09
-3.336067240752e-09
-2.211472354785e-08
-1.092571603849e-08
-2.589422662156e-10
1.383730820030e-09
1.265885328213e-08
-3.861902587924e-09
1.736731165347e-08
-7.332298332385e-08
1.268895048549e-07
-2.194483338797e-07
5.892824084220e-09
-4.920691001135e-10
-2.013723454696e-09
9.873563679976e-10
-2.317639062968e-10
3.035749540203e-09
4.561691088669e-09
6.740882923495e-10
-2.082913324133e-09
1.477639750558e-07
4.388523631033e-08
2.104733294594e-07
4.101381047229e-09
3.545690119666e-10
-2.741116369260e-10
-1.964036821199e-09
1.176846075601e-10
-2.555751583240e-09
-4.935312345432e-10
-6.556872762460e-10
-4.413446013166e-09
9.916934976123e-07
8.654657664530e-07
-3.794805865792e-07
9.357009504891e-09
-5.454722617133e-09
-2.644943045095e-08
-1.309220389349e-08
1.491707324477e-09
5.086587492572e-09
2.811710095188e-08
-3.274216766645e-09
2.096209003713e-08
-2.936377771351e-07
3.268386413181e-07
-3.534265597127e-07
1.568778434973e-08
-4.991915336023e-10
-1.671857895427e-08
3.445597856295e-09
1.059711550413e-09
4.109924184943e-09
6.336657936323e-09
1.145299145517e-09
-2.944195418497e-09
-2.079790904497e-07
-6.750908331839e-10
-1.793301485573e-07
-2.432311820352e-10
-1.607987426089e-10
1.405226932835e-09
2.312374900284e-09
-4.931369182569e-10
1.918543944264e-09
-2.867466661251e-09
5.916301657588e-10
-2.150788827419e-09
2.800102733153e-07
1.692796503477e-07
-3.072122403136e-07
-4.886762222092e-09
-2.443440827317e-09
7.098524976916e-09
-3.707266013273e-09
-2.021830325219e-09
4.292189793040e-09
7.909565017055e-09
-3.113039631398e-10
5.098662672013e-09
1.746266061892e-07
9.163512816449e-08
8.255613885566e-08
2.712433363854e-10
4.694138237046e-10
-2.549486237332e-09
-1.913115205750e-09
-6.564704883032e-10
-5.777399800970e-10
-1.582452871106e-09
-7.935812757274e-10
-1.068359718184e-10
8.318405930463e-07
3.632108823953e-07
1.020084856619e-07
3.570823133220e-09
-4.145726160629e-10
-2.593596315378e-08
-9.262913798188e-09
2.052674922495e-09
-6.664452373208e-10
-4.209299084962e-09
-1.598660040796e-09
7.306832865676e-09
9.763463087176e-07
1.565550714732e-06
-9.166167316364e-07
1.805592102547e-08
-7.291121134434e-09
-8.324987930368e-08
-1.296888179118e-08
7.279492035099e-09
1.265921805299e-08
3.761044819583e-08
-7.562733134807e-10
3.697339079457e-08
-1.575803069850e-06
1.237493869877e-06
1.903215871360e-08
3.598512453838e-09
1.993055708551e-09
-7.112212778857e-08
1.742073178898e-08
1.352563103546e-09
1.907881659190e-10
1.658232206062e-08
4.138899779435e-09
3.869297967877e-08
-4.835571243145e-07
6.243861371475e-08
-6.491343820109e-08
-6.906511685473e-09
2.662299055634e-10
-2.411854094859e-09
7.638342128724e-09
-5.042883308578e-10
1.545952022538e-10
-2.023652437570e-09
1.723499084666e-09
9.664766022807e-10
1.961593924793e-08
-9.054127375737e-08
-1.335872955310e-08
-2.898029042870e-09
-5.458768767468e-10
7.837606861476e-09
-2.180265243519e-10
-7.768204222036e-10
3.910914159796e-10
-9.381198606568e-10
4.061529026279e-11
-7.626504631433e-09
3.187198781562e-07
1.200001088901e-07
-1.387377086409e-07
-9.281290510449e-10
-6.508140689240e-10
-3.653028104946e-09
-3.626778893049e-09
-2.129977100644e-10
1.601074709769e-09
3.660589842098e-09
-8.187431742261e-10
4.803858716796e-09
1.955950054422e-07
2.910818428069e-07
-1.839519517821e-07
-6.500916709356e-09
-6.419924182385e-10
-8.323743048283e-09
-2.278281816459e-09
6.677966290331e-10
2.277772150148e-09
1.004638996782e-08
-4.207950141205e-10
1.553398406071e-08
-6.636303782198e-07
9.114213819654e-07
-7.099791732579e-07
1.883514569957e-08
-2.148752699246e-09
-2.867722601708e-08
8.704330405323e-09
7.215270097562e-10
9.468284838999e-09
2.734876266143e-08
5.761202600736e-09
1.102307104655e-08
-3.019027730311e-07
1.784671256084e-07
2.753988031234e-07
-2.734217279779e-09
1.261411186438e-09
-2.093812293035e-09
3.907155716586e-09
8.081438251963e-11
-3.557853502697e-09
8.124137352921e-09
3.995375003432e-10
8.488701575508e-09
4.491787687633e-08
-1.420672794377e-08
-7.745123983827e-08
-2.443308426674e-09
-3.273839081311e-10
3.419750245460e-09
-6.000096493871e-10
-1.482106433712e-10
1.114151480059e-09
-5.683718467460e-10
-2.451550437301e-11
-1.520664250445e-11
-5.676696889501e-07
5.889689755696e-07
-5.640141306357e-07
1.389321271990e-08
-6.634701976750e-10
-2.302380936629e-08
7.524446118262e-09
-2.125451110073e-10
7.430487734437e-09
9.794382630564e-09
4.734177175757e-09
5.045673378895e-09
-1.130201079495e-07
1.732381833570e-07
2.127730721335e-07
1.471554031488e-09
8.396571695307e-10
-2.426210804528e-10
1.501787114263e-09
-6.171950184506e-12
-2.870770455122e-09
1.039818602282e-08
-1.465023999458e-10
4.533742976501e-09
7.888349382555e-09
1.879652665709e-08
-9.516750126837e-08
-3.227302305809e-10
-3.159009498351e-10
3.898853561074e-09
-4.027507003574e-11
2.834381750049e-11
1.264848996157e-09
2.313314462356e-09
5.996494991678e-11
-7.106566490877e-10
-7.758493304972e-07
6.223128469287e-07
-2.678831834690e-07
8.449223229786e-09
1.392849473865e-09
-2.537638210762e-08
1.026072967230e-08
-4.311956525159e-12
3.530762168746e-09
1.017368881329e-08
4.750698096790e-09
1.159494443211e-08
-2.131161414703e-08
1.684794714587e-07
2.531322686739e-07
5.419155807987e-09
7.465593360682e-10
-3.933529668437e-10
2.727465931059e-10
1.122479885012e-11
-3.363542148147e-09
9.810128726885e-09
-4.490521104081e-10
3.366280230911e-10
-3.029605285393e-08
2.360062932947e-08
-1.010389542866e-07
1.922362388089e-09
-2.923217920751e-10
2.753678413222e-09
4.637959494539e-10
-1.335962659922e-11
1.330675875261e-09
1.434913931029e-09
2.092237439670e-10
-2.818025786355e-09
-8.277788513533e-07
6.342549947180e-07
5.083205047163e-08
3.814691448682e-09
3.157851941489e-09
-2.233647654305e-08
1.094741296193e-08
-2.797122227019e-11
-6.976302534788e-10
1.384071942728e-08
3.894167435136e-09
1.670554752842e-08
7.930657781180e-08
1.704807947865e-07
2.486512078875e-07
8.106210515444e-09
5.395049171861e-10
-3.591642008327e-09
-1.062747427279e-09
1.211650912986e-11
-3.304004525593e-09
6.722882149579e-09
-7.186300945048e-10
-2.277206894623e-09
-6.564257236386e-08
2.050457644731e-08
-8.056550682145e-08
2.599136513328e-09
-1.829659473418e-10
5.613362864267e-10
9.259452576427e-10
-6.399141182861e-12
1.033825103324e-09
-9.500101237365e-10
3.025041347273e-10
-3.596517884072e-09
-7.473497379284e-07
6.327810973214e-07
3.656226705562e-07
2.527350577300e-09
4.426710317465e-09
-1.645508768328e-08
9.877361747306e-09
-1.775165848632e-11
-4.856541412838e-09
1.963879501968e-08
2.394402308603e-09
1.791801336676e-08
1.661740584302e-07
1.690710356623e-07
1.968502093691e-07
7.646663335349e-09
2.231450327474e-10
-7.666508275344e-09
-2.213920798641e-09
1.435655395888e-11
-2.612308065393e-09
2.549041727262e-09
-8.548163169933e-10
-1.872370818123e-09
-9.404371999200e-08
2.390683339235e-08
-5.087899168296e-08
1.661172392459e-09
-5.139467076852e-11
-1.729925519782e-09
1.286066646407e-09
-1.369779180083e-11
6.221460875774e-10
-3.042979706972e-09
3.607078923660e-10
-2.550568569933e-09
-5.520768580347e-07
6.391449210539e-07
6.318065935186e-07
5.991357350131e-09
5.056343553131e-09
-1.161479645274e-08
7.287774198136e-09
-1.672538345947e-11
-8.373673830177e-09
2.485017987018e-08
5.090079473711e-10
1.468196179119e-08
2.308964548309e-07
1.683979277386e-07
1.191773347561e-07
4.435062361525e-09
-1.201621624965e-10
-1.025662465454e-08
-3.068475076893e-09
1.753915927649e-11
-1.577536087709e-09
-1.024454145647e-10
-8.837218257251e-10
1.310463039712e-09
-1.085743037421e-07
2.422632383869e-08
-1.139399115162e-08
-6.386861388071e-10
9.321700819106e-11
-2.538113359130e-09
1.457767704076e-09
-1.397430838664e-11
8.901574209729e-11
-3.832678033668e-09
3.610072872283e-10
-2.385628090473e-10
-2.670896370460e-07
6.425287254571e-07
8.006796729174e-07
1.201299302872e-08
4.895027528733e-09
-1.046701822877e-08
3.516221196371e-09
-2.472021959469e-11
-1.060091874071e-08
2.614682285496e-08
-1.483708342099e-09
8.759210469642e-09
2.585918634085e-07
1.674865496451e-07
2.183970147784e-08
2.947177748158e-10
-4.494567711054e-10
-9.785338347202e-09
-3.436152528962e-09
1.644115762934e-11
-2.846212916502e-10
2.656304526382e-10
-7.698190711044e-10
5.397896179137e-09
-1.068519910608e-07
2.548832384177e-08
3.147527981306e-08
-2.831601710702e-09
2.285422480071e-10
-1.526547110725e-09
1.413419193318e-09
-1.435654306227e-11
-4.811576364118e-10
-2.734966838072e-09
3.067966303255e-10
2.002989725957e-09
6.367442632882e-08
6.472145920152e-07
8.476237505356e-07
1.722819063213e-08
3.977338165441e-09
-1.397617770333e-08
-8.609832272046e-10
-4.062768053162e-11
-1.121607344913e-08
2.285486670056e-08
-3.278422124498e-09
3.683930660742e-09
2.466430453901e-07
1.663043341203e-07
-7.855571380888e-08
-2.337926035710e-09
-7.091339888371e-10
-6.535274885925e-09
-3.279146566478e-09
1.719498903746e-11
1.050374362358e-09
3.410233868299e-09
-5.368452569214e-10
7.980613180502e-09
-8.812434665328e-08
2.611354399311e-08
7.098298125674e-08
-3.626904456779e-09
3.309032050015e-10
7.719455876387e-10
1.140368049123e-09
-7.547710176537e-12
-9.978045173963e-10
-3.656648970164e-10
1.977808573775e-10
2.840818953123e-09
3.877740198249e-07
6.496422869548e-07
7.607763842649e-07
1.849776779428e-08
2.425267653876e-09
-2.014365701076e-08
-5.147461068066e-09
-4.556480990243e-11
-1.006063573574e-08
1.679507421483e-08
-4.579507414846e-09
2.478277863309e-09
1.973697425356e-07
1.643983331015e-07
-1.662472211839e-07
-1.950493606689e-09
-8.615636957244e-10
-2.365634325366e-09
-2.623478373128e-09
1.543062974015e-11
2.216516345032e-09
7.422927539075e-09
-2.224981764423e-10
7.515196431905e-09
-5.586129004503e-08
2.800895796361e-08
1.013839243946e-07
-2.515441860558e-09
3.925049784335e-10
2.950729170986e-09
6.945326501417e-10
-5.013719597290e-12
-1.386298763067e-09
1.949272162668e-09
5.543977126546e-11
1.815762219889e-09
-2.596623088144e-07
-8.737943179929e-07
-1.370568685766e-07
2.972703764305e-08
-1.188067739318e-11
-4.864544391484e-08
-3.460331578242e-09
3.124847117813e-12
-1.880404885729e-09
5.831400213890e-09
-2.343219264816e-09
3.689507812438e-09
-3.631712111596e-07
-3.584899182676e-07
-2.305174944678e-07
1.270162212066e-08
-1.336041283268e-11
-2.014556754761e-08
-4.888231963196e-09
1.878041246779e-11
-3.065183775200e-09
7.082379767831e-10
-2.390890830988e-09
4.966685798529e-10
-7.784861665375e-08
8.167070872335e-09
-4.713781840554e-08
1.545145453009e-10
3.690784020857e-12
-2.464288378474e-11
-9.986577266909e-10
1.187365977163e-12
-6.418115792517e-10
-2.876819541484e-09
-2.751413071187e-10
-1.618689016484e-09
-5.227845877483e-07
4.302499249210e-10
-2.803430901033e-07
5.948475637102e-08
2.100312576872e-12
-9.728597139715e-08
2.749964031446e-11
5.064255549972e-12
3.153841727707e-11
1.165941079361e-08
-3.516085657579e-12
7.357327467096e-09
-7.272251744961e-07
5.774959401988e-10
-4.612178099231e-07
2.537074180472e-08
-7.712096876115e-12
-4.020372586606e-08
4.124632384771e-12
-1.718503600479e-11
1.984659940731e-12
1.395464096490e-09
3.172811567365e-12
9.675175644376e-10
-1.554611757902e-07
3.050596902487e-11
-9.343603225159e-08
3.026748753627e-10
-9.726100358222e-12
-2.721269859669e-11
5.296618720875e-13
-3.194480775291e-12
8.344408063826e-13
-5.749658486300e-09
8.828096028590e-13
-3.229260181850e-09
-5.207542501939e-07
1.264790529352e-09
-2.789702279321e-07
5.943782658748e-08
-1.103522917883e-11
-9.721600659637e-08
-3.065177181082e-12
1.412896883152e-12
-1.848579709446e-11
1.167517547229e-08
2.335263600342e-11
7.365818000568e-09
-7.267070011412e-07
-1.406633340016e-09
-4.610885776177e-07
2.538447993150e-08
1.024108761597e-11
-4.023290027013e-08
-1.252641762019e-12
-2.134441018248e-11
-5.121613853507e-13
1.414503857686e-09
3.097366396110e-12
9.778389056586e-10
-1.557919789598e-07
-2.732862547336e-10
-9.354159753033e-08
3.074275331145e-10
6.110933053454e-12
-3.624682893099e-11
-4.922488388041e-12
-7.699978595500e-12
-3.337520364244e-12
-5.755431587291e-09
-5.856420381387e-12
-3.231690192036e-09
-2.575277815858e-07
8.726166468939e-07
-1.352639395352e-07
2.967893922351e-08
7.945738872294e-12
-4.857070674215e-08
3.432048618337e-09
-2.579419527317e-12
1.860440229499e-09
5.841767097565e-09
2.329733476838e-09
3.696172249886e-09
-3.621840572454e-07
3.591723071514e-07
-2.301229226551e-07
1.272444211080e-08
1.474018203552e-11
-2.018696615724e-08
4.878477236411e-09
2.468917902012e-11
3.062337917319e-09
7.216540022351e-10
2.389025433731e-09
5.062726845823e-10
-7.854762452963e-08
-8.166432710996e-09
-4.739174076784e-08
1.633688157230e-10
-3.537509834694e-12
-3.963805524419e-11
1.007120567606e-09
6.586107423982e-12
6.452892585508e-10
-2.883335974521e-09
2.749944983714e-10
-1.621694551432e-09
-2.877642909147e-07
-8.757206661271e-07
-2.526445298801e-08
1.081538056908e-08
-9.028732156503e-10
-5.168576344905e-08
-3.876851403023e-09
2.089430437164e-12
-3.994541351339e-10
2.981458760252e-09
-2.160593346003e-09
2.269804818601e-08
-4.222072173482e-07
-3.604194275162e-07
-7.381381303406e-08
4.068990427259e-09
-9.245063217782e-10
-2.176992757499e-08
-5.674171334299e-09
3.558195815786e-11
-9.624636620456e-10
-7.916123807893e-10
-2.196379660559e-09
9.225526658146e-09
-9.309969205241e-08
6.501870337066e-09
-1.423179663701e-08
-1.117919582072e-09
-1.106038659050e-10
-3.429722173582e-10
-1.208748037348e-09
5.981509845248e-12
-2.167098943871e-10
-3.075711810915e-09
-2.727226114389e-10
-2.872947754261e-10
-5.904958264124e-07
5.957633953429e-10
-5.773877768955e-08
2.164137216349e-08
-1.095713376429e-11
-1.034284840847e-07
-1.060549748811e-11
5.723523739749e-12
1.265716622224e-11
5.898524049605e-09
-4.224076239463e-11
4.538905100826e-08
-8.454766688682e-07
3.747615965331e-09
-1.475272506379e-07
8.089917180341e-09
-7.401709600859e-12
-4.329450505183e-08
4.932608371777e-12
-1.903518574534e-11
3.147692610034e-13
-1.636463303954e-09
7.597772220969e-12
1.831949772587e-08
-1.837806377872e-07
6.092863914474e-10
-2.755998479431e-08
-2.226732432644e-09
-2.822587163040e-12
-6.226641347711e-10
1.945544251622e-11
-2.173071394251e-12
2.842208239595e-12
-6.123818705556e-09
1.379314140991e-11
-5.910408209945e-10
-5.975641497772e-07
2.460542365899e-10
-5.870796897234e-08
2.162734783227e-08
-1.717747746738e-11
-1.034483579421e-07
-6.511101909167e-11
-7.487622833968e-13
-2.178344852589e-11
5.848334108704e-09
-1.955674523388e-11
4.539023488201e-08
-8.454259140596e-07
1.758496833518e-09
-1.474948871857e-07
8.039871773991e-09
5.598392551101e-12
-4.308124176567e-08
-3.351418409692e-12
-1.414522076742e-11
1.600397332019e-13
-1.666217417512e-09
-5.020092579813e-12
1.822175516378e-08
-1.813241351063e-07
6.185403360230e-10
-2.722933412774e-08
-2.220693531347e-09
1.051705801112e-11
-5.675677589045e-10
9.108385917110e-12
-4.591161644913e-13
9.632339413937e-13
-6.094649905992e-09
4.947141860653e-12
-6.095017306617e-10
-2.994572348531e-07
8.767296907406e-07
-2.787985380059e-08
1.079604934772e-08
9.160562202364e-10
-5.172143446364e-08
3.982683640552e-09
-2.106341642497e-12
4.107210848552e-10
2.918887774658e-09
2.184562098061e-09
2.270105289219e-08
-4.229490349348e-07
3.573209435156e-07
-7.416097412560e-08
4.008066972086e-09
9.238154570975e-10
-2.151805309630e-08
5.672388948729e-09
2.647821706854e-12
9.593321621034e-10
-8.289879821180e-10
2.197707114870e-09
9.106021314266e-09
-9.003108468529e-08
-7.241368256282e-09
-1.386040521939e-08
-1.111856804872e-09
1.054451971331e-10
-2.755210593095e-10
1.171304239303e-09
-2.938657776012e-12
2.113042461274e-10
-3.042129217595e-09
2.622514219866e-10
-3.108288217741e-10
-2.874726519816e-07
-8.761344548121e-07
8.667741153989e-08
-4.707241828316e-09
-1.636307741996e-09
-4.036940030026e-08
-3.832065035355e-09
2.116641280184e-11
1.108304340663e-09
1.420357121254e-08
-1.677325514196e-09
3.824914400962e-08
-4.217564122909e-07
-3.583518861492e-07
9.445522913820e-08
-3.204248253178e-09
-1.690237784450e-09
-1.646094418097e-08
-5.625725009104e-09
-1.415328031141e-11
1.289041727959e-09
4.274068952437e-09
-1.700889212925e-09
1.625644281645e-08
-8.782815641428e-08
6.896535548258e-09
2.181304382953e-08
-2.158048911040e-09
-1.977203485539e-10
4.879242265755e-10
-1.161558759171e-09
-9.534949036379e-12
2.578874089103e-10
-2.249548251642e-09
-2.040604764517e-10
7.476048783945e-10
-5.629504034356e-07
2.414202699457e-09
1.668121206028e-07
-9.313717809278e-09
1.055033666044e-10
-8.061149682275e-08
1.476155013654e-10
-6.392873962295e-12
-2.049621149885e-11
2.839448581970e-08
6.489502235250e-13
7.631240847453e-08
-8.413248878195e-07
-4.002150228734e-09
1.886345773749e-07
-6.391973086218e-09
1.998879597996e-11
-3.309238921214e-08
3.936659700478e-12
-2.242092145104e-11
-4.258028391685e-12
8.607792191268e-09
-1.572405606938e-11
3.265451145173e-08
-1.783161208413e-07
-1.223735887210e-09
4.476833974365e-08
-4.341671734588e-09
-1.293732174307e-11
9.350149102780e-10
-1.805273243177e-11
-2.514782788794e-12
4.108720308427e-12
-4.509845064342e-09
-1.245534659474e-11
1.550682976828e-09
-5.404871766292e-07
2.039728591454e-09
1.611747217772e-07
-9.149730075702e-09
1.167795743537e-10
-8.039535154194e-08
9.476657663893e-11
9.552514799230e-13
-3.823763083510e-11
2.841528416801e-08
2.827900811070e-11
7.604608556885e-08
-8.410682519160e-07
-6.644542237555e-09
1.881369817852e-07
-6.373861334997e-09
2.121041667628e-11
-3.347780407184e-08
-4.729261524495e-12
-1.934344296535e-11
2.507158109594e-12
8.783415665501e-09
-2.960869939540e-11
3.299706569787e-08
-1.833618510673e-07
-1.028911344806e-09
4.609125238419e-08
-4.407050008183e-09
-5.896959106103e-12
8.549985791519e-10
-3.390398259449e-11
-5.657691866669e-13
7.997157623618e-12
-4.534001524892e-09
-2.210736317454e-11
1.652104572993e-09
-2.551279484481e-07
8.704814296031e-07
7.821990530288e-08
-4.512070107625e-09
1.610108055905e-09
-4.011458727791e-08
3.496598984800e-09
-9.656505522849e-12
-1.023608272145e-09
1.423564419876e-08
1.546297997138e-09
3.792743159597e-08
-4.199358737376e-07
3.650533946925e-07
9.369598577558e-08
-3.180932255716e-09
1.713022337396e-09
-1.691361307303e-08
5.625157176647e-09
5.968824749685e-11
-1.289250674209e-09
4.483107583542e-09
1.676836053312e-09
1.665725926121e-08
-9.396993479877e-08
-5.417527284376e-09
2.331703272129e-08
-2.233509908788e-09
2.170062102373e-10
3.939023483475e-10
1.236409456805e-09
9.810781965819e-12
-2.754916338457e-10
-2.275848546077e-09
2.197950200616e-10
8.655423002130e-10
-1.853423717418e-07
-8.910477360815e-07
1.746593383464e-07
-7.197084453793e-09
-2.281375752346e-09
-2.208813328465e-08
-2.845349682972e-09
-9.468995987469e-11
2.433151779992e-09
3.409672819093e-08
-8.971575119259e-10
4.140373827588e-08
-3.434891056656e-07
-3.549107074909e-07
2.426844991632e-07
-4.772271269566e-09
-2.199527269457e-09
-7.891543677536e-09
-4.718781131195e-09
2.868211847488e-10
3.335193226955e-09
1.312454425256e-08
-8.666844326344e-10
1.832764723897e-08
-8.261323956871e-08
4.426756482969e-09
6.039964087906e-08
-2.488931228706e-09
-2.938643493503e-10
1.665906012639e-09
-1.081089975245e-09
8.010597629877e-11
7.450345038173e-10
-7.652740020728e-10
-1.196446670225e-10
1.230676054933e-09
-5.086398806309e-07
-1.191450756615e-08
4.317807412377e-07
-1.527073351765e-08
-6.647506338089e-10
-4.437781072003e-08
-6.698624780950e-10
-6.272459335261e-13
5.236907986254e-10
6.894126688029e-08
-1.981380214486e-10
8.426731180737e-08
-7.049551170799e-07
4.390733655299e-08
4.932777728159e-07
-9.518751996958e-09
-1.788940610941e-11
-1.459144554261e-08
6.038429250978e-12
-1.275635417083e-11
5.249506450193e-12
2.451178543423e-08
6.273823847825e-11
3.475927672094e-08
-1.417982541593e-07
9.690378841429e-09
1.025921113271e-07
-4.573681862711e-09
1.521997541228e-10
3.400082636610e-09
1.934656326742e-10
-1.309331432061e-11
-1.423082127399e-10
-1.893414434219e-09
5.868277530089e-11
1.832291837109e-09
-6.468869419088e-07
-1.402112834180e-08
5.364965668941e-07
-1.653572016911e-08
-7.071612595855e-10
-4.471210942984e-08
-7.933799182945e-10
-3.023917346621e-11
5.896297237355e-10
7.022132797875e-08
-2.045504755620e-10
8.655761555616e-08
-7.043495288198e-07
4.399966681676e-08
4.948592144879e-07
-9.388370417131e-09
-1.058038841472e-11
-1.283644376850e-08
-1.670762925796e-11
-9.773119575994e-14
1.918184860082e-11
2.200843227416e-08
5.998898467680e-11
3.197323591354e-08
-1.088757241793e-07
1.061767767870e-08
7.842630413840e-08
-3.951686047181e-09
1.533338026055e-10
3.457321174358e-09
1.682137435528e-10
1.753007719855e-11
-1.273957651610e-10
-2.357502589358e-09
5.472895197359e-11
9.576483718163e-10
-3.958322883010e-07
9.376594955416e-07
3.164196027139e-07
-8.766371431719e-09
2.999703476153e-09
-2.248514998401e-08
4.872194962692e-09
1.352974429077e-10
-3.970929371346e-09
3.562218262859e-08
1.270201974284e-09
4.414927643536e-08
-3.630082374487e-07
3.040508681641e-07
2.514612792923e-07
-4.688232183546e-09
2.199171052757e-09
-5.826036774109e-09
4.742257095586e-09
-2.756276447514e-10
-3.377531305419e-09
1.016761252981e-08
9.393615360565e-10
1.506746759444e-08
-4.329670258429e-08
-1.622803847758e-08
3.014519223826e-08
-1.781137918687e-09
1.087328347441e-10
1.762831572556e-09
5.823079441596e-10
-8.823972219597e-11
-3.709574402213e-10
-1.359745283383e-09
5.554142348883e-11
1.654441743922e-10
-1.884798070950e-07
-8.211123081432e-07
2.552569595970e-07
2.725828869045e-09
-1.464303138220e-09
-4.368362202186e-09
-1.816790135868e-09
2.744828181865e-10
2.622246355547e-09
4.543450824895e-08
-3.761136210257e-10
2.864165642048e-08
-2.464493494975e-07
-4.128111376704e-07
3.888562895675e-07
6.869402779898e-10
-2.443232087114e-09
-1.437347917283e-09
-3.006076537866e-09
-9.373261664474e-10
4.859128581816e-09
2.104876609281e-08
-1.393403146094e-10
1.269609409473e-08
-4.364538908064e-08
2.682060570142e-09
7.541542501946e-08
-1.639032502928e-09
-3.847124514832e-10
2.993967992905e-09
-6.582442542424e-10
-2.633945213159e-10
1.092457356999e-09
-1.174365144658e-10
-1.342864994400e-11
4.276774667865e-11
-1.192964769817e-07
3.888380211208e-08
1.475237995582e-07
6.027920315893e-09
1.935777032126e-09
-9.397815962497e-09
1.309975386195e-09
-1.591066404557e-11
-2.090353360188e-09
8.721137225527e-08
-7.513639842380e-10
5.491461146336e-08
-4.546263913455e-07
-1.588177099499e-07
7.249605616065e-07
2.956349373965e-09
6.730334171049e-11
-5.355228291631e-09
1.794409141675e-11
-1.317193966029e-10
-7.957521534069e-11
5.035714895940e-08
-2.858933143332e-10
3.029828017786e-08
-1.347052151421e-07
-3.404115925778e-08
2.371126799419e-07
-3.827322934491e-09
-5.533389104327e-10
6.961308877214e-09
-3.687313246620e-10
2.069681800962e-11
6.519697076592e-10
1.918570313464e-09
-1.724625593977e-11
1.297632193429e-09
1.226324913978e-07
3.963006217799e-08
-2.440399445372e-07
6.315405169958e-09
2.037096287226e-09
-9.743742158497e-09
1.215325896560e-09
5.821386666986e-12
-1.996911120510e-09
8.238848267352e-08
-7.305481717557e-10
5.179952340752e-08
-4.588076702380e-07
-1.890656897060e-07
7.221626734492e-07
5.452795990451e-09
1.172763960090e-10
-9.469504729832e-09
-3.266146934074e-11
-1.814422449265e-10
1.217482088452e-11
6.443615087927e-08
-3.029577812892e-10
3.859047673862e-08
-2.124404417173e-07
-3.746133690237e-08
3.739810604982e-07
-4.875059153348e-09
-6.593964249408e-10
8.772986096427e-09
-5.050780488292e-10
-9.046872357304e-11
8.700905729415e-10
5.242995689107e-09
-2.362330470836e-11
3.157388420913e-09
2.000239444494e-07
7.380263231988e-07
-3.138706291678e-07
3.168061693082e-09
-6.109472765296e-10
-4.710521740736e-09
-1.687577267056e-09
-2.721190070551e-10
3.027737902300e-09
3.976309161208e-08
-3.784102877449e-10
2.495472411413e-08
-2.030325468444e-07
6.286293909331e-07
3.221166500061e-07
3.794288642718e-09
2.525105997708e-09
-6.414257164202e-09
3.006931145483e-09
1.309660670232e-09
-4.732607154095e-09
3.759752749887e-08
-1.694256659438e-10
2.242959839481e-08
-1.367954846621e-07
3.807479596772e-08
2.415818552322e-07
-2.790192755770e-09
1.075777107571e-09
5.006090202423e-09
1.862993359949e-09
3.520328952588e-10
-3.195574332601e-09
3.978960565215e-09
-1.196842768878e-11
2.331188869009e-09
1.484220117157e-07
-2.768645488618e-07
-4.204722034371e-07
5.040715032227e-09
1.440549756571e-09
4.292423298773e-09
1.816989136840e-09
-5.465326349978e-10
-4.433066175377e-09
1.722605260621e-08
-3.758863193679e-10
1.917508218085e-09
1.814663250915e-08
-6.626153864438e-07
2.832868085077e-09
2.189576886892e-08
5.476835516937e-11
-3.365034798741e-09
-1.548474678559e-10
1.201944060524e-09
8.221049982535e-10
3.722126329784e-08
9.048732618340e-10
1.854582004150e-08
-1.255792791074e-07
-1.009288050288e-07
4.164080046184e-07
1.368692474570e-09
-1.858816092712e-09
7.260067918578e-09
-1.832218905025e-09
4.058783337227e-10
5.225876560563e-09
8.824806742671e-09
8.676749836965e-10
-1.732457321590e-10
2.087182943006e-07
-6.135496100873e-08
-2.262850792916e-07
1.381219786830e-08
-1.739082641233e-09
1.107045047377e-08
-3.762837292188e-10
1.090269487372e-10
3.874413621961e-09
4.214002352978e-08
9.925340143698e-10
2.841596341134e-09
-3.199693698192e-08
1.850546631162e-07
1.308659349653e-07
3.751083067305e-08
1.725291413964e-10
-4.945480958928e-09
-3.093215928621e-11
-7.417882840149e-11
2.714883419257e-10
6.411233556859e-08
1.345807524790e-09
3.186138188569e-08
-2.115970453576e-07
4.483973701586e-08
6.939861426098e-07
1.837426026326e-09
7.752244132347e-10
1.289015212996e-08
3.281596017059e-10
-1.159548458858e-10
-1.050141233209e-09
1.411186954437e-08
-1.275055950431e-10
-6.373818329277e-10
1.472467708458e-07
-5.981119612861e-08
4.879526993304e-07
1.904824771146e-08
-1.836259181260e-09
1.511214718048e-08
-3.285928559414e-10
-1.310892912807e-10
4.008370343950e-09
5.379766644138e-08
9.463523966094e-10
1.218652794854e-09
-3.604847132604e-08
1.635039291841e-07
1.668117212798e-07
2.916771789808e-08
1.750109682445e-10
-2.444805030459e-09
8.011860814540e-12
-1.200688324145e-10
1.553549147643e-10
4.961504525020e-08
1.084786163338e-09
2.493040327136e-08
-1.640320100929e-07
3.805310516439e-08
5.158630574272e-07
8.597173679339e-10
6.448581953172e-10
1.036767000917e-08
2.516755487824e-10
4.253141763545e-11
-8.929775327792e-10
9.807382720935e-09
-1.249029251248e-10
-7.718967790727e-10
3.779133384008e-08
4.918450239630e-07
5.793979089511e-07
1.154931114611e-08
2.305788099565e-09
9.478545099292e-09
-8.413205120636e-10
5.770283197301e-10
-6.474867872468e-09
3.135700723053e-08
-8.442690826446e-10
-1.522669702050e-10
-4.751330169583e-08
4.284832301361e-07
1.293107243583e-07
1.203973874157e-08
6.294576523617e-10
-3.985301175034e-10
2.305944865394e-10
-9.580497157334e-10
-1.466182343151e-09
2.044354496911e-08
3.496187203340e-10
1.040671957862e-08
-6.853882532354e-08
5.055341862561e-08
2.002976963768e-07
3.889843297727e-11
1.148727318142e-09
4.484192911536e-09
1.032467878770e-09
-3.183809431063e-10
-2.541261350916e-09
3.485707638598e-09
-3.897857802878e-10
-4.722887653541e-10
-1.554499158007e-07
-4.758657451007e-07
-3.757362609380e-07
2.339336289763e-08
1.255239634552e-09
-3.638597972076e-09
-2.013213936270e-09
1.377685619062e-10
-5.570627538139e-09
2.208573248136e-08
-2.023703554916e-09
-5.284331464702e-09
5.964292052602e-08
-8.729034648240e-07
3.064756633406e-07
3.314588318290e-08
-1.218235535200e-09
-2.028478296853e-08
7.383992320581e-10
-7.553588774241e-10
3.679728646138e-09
3.958931208759e-08
9.678996077311e-10
-1.553726912645e-09
1.177814815609e-07
-8.437591803998e-08
3.650608962711e-07
6.222634460929e-09
-1.362742206758e-09
3.732289276207e-09
1.637082155817e-09
-2.279998519642e-10
5.114120486414e-09
2.868541759704e-09
1.341664634898e-09
-6.633308471067e-09
-3.192920471976e-07
2.462664826192e-08
-9.766588595188e-07
4.629272524212e-08
-1.184990273415e-10
-7.183572864702e-09
-1.720714957239e-10
1.220160187853e-11
-1.297598988464e-09
4.306048811053e-08
-1.267406478794e-09
-1.085407636876e-08
1.017842219814e-07
-1.246394471795e-07
5.508773904053e-07
7.145425482536e-08
-1.928680973194e-11
-4.395282794424e-08
-6.447081529661e-11
-3.491636028415e-11
-1.071804250712e-10
8.532571157651e-08
-4.251500721597e-10
-2.793373727206e-09
2.608396275847e-07
-2.848979657530e-08
8.132078570169e-07
1.409394773306e-08
-3.689670913928e-10
7.728021447260e-09
2.027556750966e-10
1.627255285881e-11
6.661352246716e-10
6.971068741625e-09
3.181757113349e-10
-1.437200049768e-08
-3.561561759471e-07
2.612012993909e-08
-1.205741660834e-06
4.543858895774e-08
8.241839452333e-12
-6.964058699014e-09
-2.112261238314e-10
4.915082597533e-12
-1.144810527409e-09
4.154154265685e-08
-1.143986451167e-09
-1.136558075055e-08
9.155140680978e-08
-1.287692786692e-07
5.318563991233e-07
7.926777541740e-08
6.412799079414e-11
-4.924207477381e-08
-3.408279398726e-11
-3.355484649100e-11
-7.483438681558e-11
9.484082377916e-08
-3.509851619823e-10
-2.569057140552e-09
2.996713829306e-07
-2.836263504953e-08
9.355746492315e-07
1.654257267823e-08
-3.719583170283e-10
8.254094037644e-09
2.152498215476e-10
-2.915051595338e-11
6.775051640854e-10
8.688712777581e-09
3.231377486510e-10
-1.615100757291e-08
-1.870635220336e-07
4.645921455206e-07
-7.183876895023e-07
2.255343848462e-08
-2.743747957758e-09
-3.354376549149e-09
2.531333281874e-09
-1.538653848163e-10
8.936142727319e-09
2.017221202490e-08
2.182966908265e-09
-5.951775277377e-09
3.272722021858e-08
1.050432295733e-06
2.337855127422e-07
4.228123981893e-08
1.085322278335e-09
-2.658097957989e-08
-6.001083052796e-10
8.512147083864e-10
-3.415392172448e-09
5.069986146731e-08
-1.205482466732e-09
-1.215597494720e-09
1.635809368933e-07
1.171892432375e-07
5.104334313104e-07
9.119516633548e-09
1.738571153001e-09
4.256894056993e-09
-2.214981726679e-09
2.392231569461e-10
-6.968899337727e-09
4.958473179956e-09
-1.744471124731e-09
-8.665286031523e-09
2.641507438339e-07
-8.622924315529e-07
2.873050128985e-07
4.044805867502e-08
-1.103588492918e-09
-3.302347024810e-08
3.475176299614e-09
-1.358958197984e-11
3.937712266444e-09
2.068707144243e-08
2.781498339446e-09
-8.090680437244e-09
2.226990762216e-07
-3.077496462648e-07
3.211844084583e-07
1.591237919375e-08
-7.903918619953e-10
-1.085877675172e-08
3.063159235159e-09
9.724586441641e-11
4.365993849548e-09
6.562350098060e-09
1.986158080886e-09
-4.148643507830e-09
4.398164196381e-08
1.235617875924e-08
6.332821511981e-08
6.534042021637e-10
-7.714341907361e-11
1.144504292527e-09
5.141111375593e-10
2.614059536914e-11
8.094928929643e-10
-1.747116041141e-09
1.866239647697e-10
-2.154244283230e-09
5.555196243220e-07
-1.001737555270e-09
6.275928115529e-07
8.137665684363e-08
-4.076612335943e-11
-6.619699426504e-08
1.978620787178e-10
4.539997686586e-12
2.422143802801e-10
4.132378773696e-08
2.379994715120e-10
-1.658837913793e-08
4.467577690084e-07
1.466326259680e-08
6.476105108358e-07
3.114106290065e-08
4.456537634775e-11
-2.114671009731e-08
2.730671591622e-13
3.753789464424e-13
-8.697436217411e-13
1.275029122382e-08
6.261363171680e-12
-8.277080910696e-09
8.262735753245e-08
3.445364822643e-09
1.186287092274e-07
1.100134444074e-09
3.082192483715e-11
2.408967587637e-09
-4.351528236054e-11
-4.659064013644e-12
-6.154060036090e-11
-3.520141018574e-09
-4.830976431874e-11
-4.167454792120e-09
5.958291370359e-07
-2.582824447195e-09
6.796605430334e-07
8.209298479081e-08
-7.871707807966e-11
-6.652057806883e-08
2.364296546086e-10
-1.418407030867e-11
3.163541541901e-10
4.125127142749e-08
2.556170749046e-10
-1.715389997723e-08
4.461955083884e-07
1.572684065504e-08
6.454826929070e-07
3.012092021583e-08
2.468015578017e-11
-2.029568493781e-08
-4.480875523058e-12
2.417612914711e-12
-1.385771006409e-11
1.215671924823e-08
-5.017978647252e-12
-8.206638746604e-09
7.441056790181e-08
3.445100801211e-09
1.070712137563e-07
8.010180916186e-10
2.053346004927e-11
2.554716576104e-09
-4.447737420336e-11
4.462782212682e-12
-6.147136299333e-11
-3.534313383407e-09
-5.509882617354e-11
-3.947497816690e-09
3.187234405150e-07
8.775140377315e-07
3.666999021656e-07
4.132489057692e-08
1.254322553865e-09
-3.341488684380e-08
-4.078084321190e-09
3.153429671029e-11
-4.714409525253e-09
2.059254849854e-08
-3.053847733750e-09
-8.798229012366e-09
2.235854741073e-07
2.895700810045e-07
3.257455203770e-07
1.471920302814e-08
8.186873533081e-10
-9.851385000565e-09
-3.059675429305e-09
-1.013368800555e-10
-4.348116010636e-09
5.865831448446e-09
-1.979665522940e-09
-4.092615766139e-09
3.401835413711e-08
-1.624147750898e-08
4.972859495023e-08
2.993534853053e-10
5.949350051822e-11
1.329893411513e-09
-3.917554923039e-10
-2.974912043420e-11
-6.383910479239e-10
-1.771707703723e-09
-1.219911358855e-10
-1.908124083977e-09
2.298118224990e-07
-8.198249708933e-07
1.244481277890e-07
2.802709396361e-08
-5.359545212842e-11
-4.560826343553e-08
3.032946134366e-09
2.359705606775e-13
1.692201709921e-09
5.158338392281e-09
2.078835185748e-09
3.280771849611e-09
3.436252139083e-07
-3.597846027407e-07
2.178855611282e-07
1.259470960011e-08
-7.532731187145e-12
-2.012513448146e-08
4.612860476135e-09
-9.066554114308e-12
2.893544341577e-09
1.072321539832e-09
2.258813660091e-09
6.923047174054e-10
8.281330107947e-08
6.097319581033e-09
4.971394076264e-08
2.146932227524e-10
-3.423963629100e-12
-1.501855010373e-10
1.065245768710e-09
-5.703276450778e-12
6.754285522808e-10
-2.938187111716e-09
3.087011422022e-10
-1.648203994023e-09
4.490592122666e-07
-6.613799957970e-10
2.478140397055e-07
5.607019017123e-08
-1.045876968961e-10
-9.116152007410e-08
-9.465338490213e-11
-2.426429955683e-12
-7.341562080487e-11
1.040637445632e-08
-5.771379942443e-11
6.578420709102e-09
6.871887334170e-07
-4.332439517900e-09
4.355473568959e-07
2.534201609172e-08
-2.986026443233e-11
-4.040665291347e-08
3.602596682344e-12
-2.147740802547e-11
5.427464575859e-12
2.185816175005e-09
3.214054942741e-12
1.399200733358e-09
1.677527859539e-07
-1.023658434460e-09
9.967087209045e-08
4.720320626032e-10
1.870976835170e-12
-3.372394033936e-10
1.737928236652e-11
-1.498924037733e-12
1.142900265530e-11
-5.895022900273e-09
1.521809718130e-11
-3.299728701161e-09
4.325248847831e-07
-7.619905694853e-11
2.378530090247e-07
5.600330632348e-08
-6.270904172231e-11
-9.103630964360e-08
-8.480036811642e-11
6.274068608049e-12
-3.374452345155e-11
1.053780329885e-08
-9.284694463809e-11
6.657316358122e-09
6.881685772481e-07
-6.741181089137e-09
4.367931019239e-07
2.564126755441e-08
-4.469607271014e-11
-4.084909408140e-08
6.050333194521e-12
-2.631894116591e-11
5.686133259120e-12
2.283817581366e-09
6.020204622269e-12
1.463932842950e-09
1.722003242725e-07
-1.311327077991e-09
1.023632808933e-07
5.473580270141e-10
-1.859463087379e-11
-4.407998641285e-10
2.925472497172e-11
-4.986177420641e-12
1.742556083153e-11
-5.947941896282e-09
2.266502930080e-11
-3.333424625576e-09
2.041370846632e-07
8.174230737059e-07
1.091890892216e-07
2.794682389664e-08
-4.212213766180e-11
-4.544402451922e-08
-2.784715386289e-09
-9.337901612139e-12
-1.541870241076e-09
5.319604960848e-09
-1.990678243984e-09
3.368088505470e-09
3.424078649159e-07
3.669053178251e-07
2.177895121747e-07
1.294710952997e-08
-3.147099786373e-11
-2.064834045781e-08
-4.625904098741e-09
6.327860775164e-11
-2.903517911182e-09
1.197036195616e-09
-2.263292370722e-09
7.745417536509e-10
8.796895986651e-08
-4.724582659138e-09
5.270218193798e-08
3.054308433946e-10
3.375572417137e-12
-2.759738235623e-10
-1.128541557134e-09
1.529539998213e-11
-7.138437245285e-10
-2.993274202611e-09
-3.320430679157e-10
-1.682256112515e-09
2.646934967720e-07
-8.298129749822e-07
2.050793811159e-08
1.011231679244e-08
8.233299659387e-10
-4.901934456253e-08
3.536373932553e-09
-6.331889288605e-12
3.277975200305e-10
2.585877310239e-09
1.990943546772e-09
2.145774053569e-08
3.960599160050e-07
-3.614574002067e-07
6.996307666540e-08
4.239832290494e-09
8.622225327738e-10
-2.168993989334e-08
5.331720282079e-09
1.945316316718e-11
9.092706253731e-10
-5.053911036480e-10
2.052923527479e-09
9.281288717666e-09
1.012178760529e-07
2.938177842749e-09
1.562640254693e-08
-1.110532008488e-09
1.298180659248e-10
-5.675167108986e-10
1.307330360476e-09
2.459450583186e-12
2.361315478545e-10
-3.156474007660e-09
3.243559875313e-10
-2.135240786266e-10
5.372381958460e-07
-1.094562501174e-09
4.689038030775e-08
2.026303085540e-08
-1.171732205144e-11
-9.814704257744e-08
-6.625399827289e-12
-6.416545940455e-13
-1.448482653266e-11
5.133523086248e-09
2.583274906746e-11
4.293098041419e-08
7.933941273673e-07
1.227357954748e-09
1.397721908769e-07
8.466371935805e-09
5.012984030501e-12
-4.327063666084e-08
2.822071603367e-12
-1.489572735645e-11
7.067736153277e-13
-1.045401235657e-09
4.977009443506e-13
1.849515754383e-08
2.013715610866e-07
3.048919265258e-10
3.065607331182e-08
-2.214598601138e-09
4.154676167291e-12
-1.099905401459e-09
-8.094848488076e-12
-1.332648021929e-12
-9.633417110896e-13
-6.301921003436e-09
-7.817263650022e-12
-4.354852554413e-10
5.403780536147e-07
-7.540088669841e-10
4.728309502960e-08
2.027689636731e-08
-1.508980429245e-12
-9.824717429560e-08
4.012508875780e-11
-1.632610493733e-12
1.737718757951e-11
5.117552294095e-09
5.183596659532e-12
4.297365673056e-08
7.939830951463e-07
-2.741604989067e-10
1.399564955179e-07
8.459414249015e-09
-1.236095293174e-11
-4.323337310017e-08
3.789904926888e-12
-1.600659992048e-11
4.303403336806e-13
-1.059079594307e-09
8.596217672989e-12
1.847572539919e-08
2.007956152604e-07
8.155175922263e-11
3.050057590520e-08
-2.211795902330e-09
-9.191332665659e-12
-1.082561164274e-09
1.960116510563e-12
-1.224258229938e-12
7.367341329015e-13
-6.297088276905e-09
3.683434990997e-12
-4.409829383167e-10
2.686018201535e-07
8.311430303682e-07
2.149736339635e-08
1.012877919532e-08
-8.423351023479e-10
-4.914367911763e-08
-3.583392957335e-09
9.645233583967e-12
-3.329580463337e-10
2.570336161116e-09
-1.999491862309e-09
2.150911206198e-08
3.969225638167e-07
3.609586851144e-07
7.032446812383e-08
4.230332108142e-09
-8.686275996920e-10
-2.165101200985e-08
-5.340734009317e-09
1.540138920432e-11
-9.097337623888e-10
-5.218447829213e-10
-2.054200942838e-09
9.259489321394e-09
1.005132975102e-07
-3.162895253335e-09
1.566453235874e-08
-1.108926454169e-09
-1.287925991303e-10
-5.476718046085e-10
-1.298464964165e-09
-1.406883088114e-14
-2.360370902096e-10
-3.150888665061e-09
-3.206252106275e-10
-2.221063840117e-10
2.620818652758e-07
-8.379062846867e-07
-8.255486894093e-08
-4.675572328665e-09
1.560054487837e-09
-3.859692873897e-08
3.516961008337e-09
3.509887317294e-12
-1.061372417689e-09
1.351481081433e-08
1.556767557738e-09
3.658860205520e-08
3.971648073406e-07
-3.593970420431e-07
-8.829493294837e-08
-2.958846973721e-09
1.598590058374e-09
-1.655100898907e-08
5.322976873786e-09
1.386499675296e-11
-1.217897946989e-09
4.451638223655e-09
1.584712439679e-09
1.629629081689e-08
9.710597287729e-08
3.261912334478e-09
-2.376247349584e-08
-2.258809132197e-09
2.380319789199e-10
3.131495934956e-10
1.269746250038e-09
-1.675549130966e-12
-2.777758809102e-10
-2.265228153897e-09
2.425552925006e-10
9.382441438902e-10
5.304298552125e-07
-2.334910528041e-10
-1.631461545720e-07
-9.352075736410e-09
-2.740937268836e-13
-7.721813118983e-08
-2.567278101261e-11
-5.947060025330e-12
-6.376059511100e-12
2.698966292499e-08
1.325896421932e-11
7.317884041558e-08
7.938494503874e-07
9.175414095035e-10
-1.771055583646e-07
-5.908881539499e-09
5.185376925235e-12
-3.304916193015e-08
-1.531157633409e-12
-1.584681217400e-11
1.558925189458e-12
8.855046070640e-09
-6.075959410579e-12
3.253265144185e-08
1.936090979621e-07
-4.761970891805e-11
-4.816909726993e-08
-4.503295753661e-09
4.958226063702e-12
6.347757302975e-10
-6.593913186737e-12
2.228577598135e-14
1.571176836638e-12
-4.528990890380e-09
-6.833468894627e-12
1.873427924945e-09
5.308765112580e-07
-8.325881738816e-10
-1.632275884664e-07
-9.359740306398e-09
4.133594803579e-12
-7.724606469989e-08
3.181594012769e-11
-4.786367740860e-12
6.030697859497e-12
2.699857096813e-08
-1.035143510314e-11
7.320663449029e-08
7.941098577359e-07
-8.360662146062e-10
-1.772113351547e-07
-5.911395261179e-09
-2.774230192639e-12
-3.305532921693e-08
3.265806949957e-12
-1.462677635902e-11
-1.913254819332e-12
8.855930823550e-09
7.682002938811e-12
3.253986800345e-08
1.935793826902e-07
2.584091539489e-11
-4.805342184930e-08
-4.503962097838e-09
-4.661174423225e-12
6.343571432033e-10
6.307836197816e-12
1.588798578073e-13
-1.825519986912e-12
-4.528098988241e-09
6.444591859399e-12
1.873204266017e-09
2.625081441006e-07
8.383424494447e-07
-8.263112181300e-08
-4.681402170862e-09
-1.563370442704e-09
-3.862861381649e-08
-3.524856865644e-09
7.634385172144e-12
1.062059781158e-09
1.352810549796e-08
-1.559824569032e-09
3.661821431538e-08
3.973963338191e-07
3.594056703900e-07
-8.834651641504e-08
-2.960900782396e-09
-1.599999044063e-09
-1.655840277073e-08
-5.325492014334e-09
1.633473379163e-11
1.218773214621e-09
4.452429310306e-09
-1.586152223765e-09
1.630390179629e-08
9.713718677334e-08
-3.264506532796e-09
-2.380260967494e-08
-2.258879798950e-09
-2.372736064088e-10
3.123013919953e-10
-1.270134307463e-09
-1.312872041702e-12
2.784483832743e-10
-2.265355070251e-09
-2.427026130283e-10
9.391105521808e-10
2.098505327980e-07
-8.431272228771e-07
-1.766212002902e-07
-7.512839556522e-09
2.041795601167e-09
-2.048569057146e-08
2.835932313852e-09
6.577932924684e-12
-2.329632540587e-09
3.199780199115e-08
8.428280163130e-10
3.963175253312e-08
3.344038538716e-07
-3.620887216982e-07
-2.342244556953e-07
-4.469877491742e-09
2.088062738620e-09
-8.020369250954e-09
4.470036204791e-09
1.659837820340e-11
-3.174425110579e-09
1.312914326779e-08
8.553341015019e-10
1.790465644525e-08
8.232801179675e-08
2.349328830181e-09
-6.047370318396e-08
-2.507317593240e-09
3.261282237494e-10
1.712698306528e-09
1.092389838742e-09
-9.121276196181e-13
-7.615043817418e-10
-8.158864375123e-10
1.389402144368e-10
1.216160567448e-09
4.262653934134e-07
1.420081088716e-09
-3.537970040962e-07
-1.504938067839e-08
3.787463825281e-12
-4.095441763225e-08
-3.126091442998e-11
-6.493760286815e-12
7.466907517642e-12
6.392720840312e-08
8.267500221727e-12
7.924666989054e-08
6.673985049055e-07
1.091090242742e-09
-4.685024954758e-07
-8.933165782023e-09
-1.306381038254e-12
-1.600354236739e-08
-1.160261914757e-11
-1.513281089881e-11
8.172664042912e-12
2.617061710861e-08
-7.580434283553e-12
3.573378129078e-08
1.636690707477e-07
-2.710274029704e-10
-1.209989732576e-07
-4.998461086605e-09
7.330594947432e-14
3.428837613172e-09
-1.488194783334e-11
-5.677325542875e-13
9.566411248232e-12
-1.640450548893e-09
-5.702026936837e-12
2.420256452513e-09
4.272017753576e-07
-1.828223822129e-09
-3.544906198583e-07
-1.506057273478e-08
1.139157027404e-11
-4.095790943339e-08
4.084874951314e-11
-2.710877426498e-12
-1.550914079237e-11
6.394044768171e-08
-1.496033721699e-11
7.926683365584e-08
6.673798058077e-07
-7.574313745797e-10
-4.685199076343e-07
-8.933644746222e-09
2.782793591988e-12
-1.599274687756e-08
1.151754917567e-11
-1.420130252137e-11
-1.002171392747e-11
2.615961258810e-08
3.653225257315e-12
3.571726309544e-08
1.635185420540e-07
3.607992517096e-10
-1.207059809293e-07
-4.995363458169e-09
-2.197554662794e-12
3.427119423888e-09
1.268975809848e-11
4.938771192498e-13
-8.292406637658e-12
-1.639084979831e-09
5.673434664310e-12
2.414527481952e-09
2.111102250929e-07
8.433681392992e-07
-1.776120891958e-07
-7.525736614726e-09
-2.044590007808e-09
-2.048771351111e-08
-2.850258704729e-09
9.099958535506e-12
2.339794753076e-09
3.201154183044e-08
-8.503762587715e-10
3.965361166917e-08
3.345450758779e-07
3.618045084515e-07
-2.344527890545e-07
-4.470824744814e-09
-2.086640348499e-09
-8.007614162140e-09
-4.470707947834e-09
1.352878508463e-11
3.175748795718e-09
1.311490051907e-08
-8.575800379283e-10
1.788491423557e-08
8.208583200664e-08
-2.340282905458e-09
-6.027199753872e-08
-2.503308480211e-09
-3.254153667915e-10
1.712799731581e-09
-1.089478739321e-09
-3.480349223231e-12
7.592658526098e-10
-8.164562680991e-10
-1.391113819467e-10
1.209272850407e-09
1.294137294550e-07
-8.504997696453e-07
-2.481594808465e-07
3.508527096673e-09
2.243953206456e-09
-5.568356241815e-09
1.772835633612e-09
1.116225952195e-11
-3.305410781863e-09
4.739353957827e-08
-7.693358144383e-13
2.891740992519e-08
2.216107357067e-07
-3.622734340645e-07
-3.479877933874e-07
5.844345254058e-10
2.278698504850e-09
-8.201529992256e-10
2.953479321245e-09
1.304612074445e-11
-4.703937148923e-09
2.029530841533e-08
-1.169065051856e-11
1.281285211290e-08
5.206120210627e-08
3.582381751408e-09
-8.612387628840e-08
-1.643695375663e-09
3.454020795143e-10
2.898944368858e-09
7.165206657167e-10
4.103088394027e-13
-1.116596570278e-09
3.190413863389e-10
1.697491571223e-12
3.279218790242e-10
2.642103232170e-07
1.809708241146e-09
-4.985969222805e-07
6.975777250653e-09
4.285684461020e-12
-1.111388763073e-08
-3.632154613967e-11
-1.321602597399e-11
3.518963085877e-11
9.467361312506e-08
8.977099137782e-12
5.780299580980e-08
4.416940862992e-07
2.331346381553e-09
-6.955491493651e-07
1.147662487071e-09
-1.359322510577e-12
-1.626705647910e-09
-2.483492610780e-11
-1.696989814983e-11
3.600157718058e-11
4.043894858764e-08
-1.697775429434e-12
2.555598415184e-08
1.028049834428e-07
-5.614263616353e-10
-1.711816663905e-07
-3.279535248511e-09
-9.547602392728e-12
5.796108402872e-09
-3.501418935608e-11
-9.358074404790e-13
4.567464069179e-11
5.919821236101e-10
-1.245325616471e-12
6.349462057459e-10
2.642186265611e-07
-1.868327473091e-09
-4.990415607056e-07
6.975881124810e-09
5.719969392508e-13
-1.111094434316e-08
3.927200144943e-11
-1.058413373654e-11
-4.004542579700e-11
9.468529738006e-08
-1.781892782223e-11
5.780809223166e-08
4.418741122586e-07
-1.832185774085e-09
-6.956931694257e-07
1.145805898295e-09
3.969932622483e-12
-1.622637721277e-09
2.574773695033e-11
-1.255345793255e-11
-3.679517712111e-11
4.042967785887e-08
-1.700679454325e-12
2.554799275838e-08
1.028003157530e-07
5.034951440136e-10
-1.710768876362e-07
-3.278991813640e-09
9.579215499579e-12
5.794187382441e-09
3.253285813486e-11
-3.847193677667e-13
-4.247953789942e-11
5.890794977093e-10
1.580218546268e-12
6.328282427658e-10
1.299236806751e-07
8.508246922013e-07
-2.488920489326e-07
3.506043168787e-09
-2.246445487237e-09
-5.564675821155e-09
-1.778572377266e-09
9.988841948244e-12
3.312132830697e-09
4.740398173164e-08
-1.288766134635e-12
2.892290892683e-08
2.215438556843e-07
3.619854317198e-07
-3.481020900351e-07
5.815704212696e-10
-2.280259190505e-09
-8.150691104306e-10
-2.954290847655e-09
1.254232362696e-11
4.705206431969e-09
2.028282300848e-08
8.141436220518e-12
1.280280849212e-08
5.194586270157e-08
-3.675602084225e-09
-8.591255983969e-08
-1.642179710140e-09
-3.443364656147e-10
2.896108641573e-09
-7.150542200452e-10
1.341094750665e-12
1.113979690624e-09
3.157011751372e-10
-2.228622750876e-12
3.244570274822e-10
2.517481829944e-08
-8.572567477751e-07
-2.821224739796e-07
2.219176704280e-08
2.095963950709e-09
-2.755940184775e-09
3.804885856254e-10
5.086584357171e-12
-3.769848609116e-09
5.062160225798e-08
-8.708211867929e-10
1.051195357614e-08
7.259254117264e-08
-3.615559420685e-07
-4.120952424302e-07
9.243271866769e-09
2.133464390283e-09
6.580140760883e-10
9.370181552329e-10
1.450097897281e-11
-5.537926643304e-09
2.174077641894e-08
-8.971874572834e-10
4.124493209871e-09
1.459115618607e-08
5.480689559341e-09
-9.621920619637e-08
-2.724851995515e-10
2.958504698326e-10
3.139687952713e-09
2.237547724144e-10
-6.935075646968e-13
-1.248682154122e-09
4.086253983565e-10
-1.181208743117e-10
-1.119762829559e-09
5.435450185776e-08
1.225355762825e-09
-5.685359428693e-07
4.434191517818e-08
8.113513600130e-12
-5.475823716688e-09
-1.699198995484e-11
-5.045188547718e-12
3.136636360802e-11
1.012163049099e-07
7.694684176056e-12
2.103988016633e-08
1.439340455989e-07
9.839013413580e-10
-8.237598359273e-07
1.843486013993e-08
-4.405168664898e-12
1.337015471644e-09
7.650387484973e-13
-1.310588761672e-11
9.218807222591e-12
4.338971679136e-08
-4.075309911618e-12
8.243662790415e-09
2.852816737009e-08
-5.967805059355e-11
-1.918105535410e-07
-5.486086881003e-10
-6.560665949366e-12
6.276126367281e-09
-4.309783975011e-12
-3.812577017215e-13
1.687241673958e-11
7.925741698687e-10
-4.571773333250e-12
-2.237716450675e-09
5.445714452990e-08
-1.047370455328e-09
-5.683754275634e-07
4.434295567790e-08
-1.070290430370e-11
-5.477613495300e-09
1.603244913131e-11
-1.176885741785e-12
-2.845250855125e-11
1.012158442097e-07
-1.213103036744e-11
2.103810472487e-08
1.442463786541e-07
-1.258662092652e-09
-8.238764492869e-07
1.843346178997e-08
4.960431346242e-12
1.335816908666e-09
-1.869944086727e-13
-1.351555500809e-11
-1.036678550078e-11
4.339022199147e-08
3.609897678594e-12
8.242274807628e-09
2.853460972368e-08
2.701823285216e-10
-1.917425797807e-07
-5.499615424523e-10
4.841397011513e-12
6.275440146372e-09
4.356995775452e-12
-1.360976033632e-12
-1.635011416079e-11
7.899081829713e-10
4.933074795564e-12
-2.237733372062e-09
2.494021263122e-08
8.570322571276e-07
-2.818802942450e-07
2.219219044533e-08
-2.095602129680e-09
-2.756288329601e-09
-3.792362964460e-10
6.954126272293e-12
3.767116166020e-09
5.062084875319e-08
8.649246300910e-10
1.051422415823e-08
7.243460005413e-08
3.613956554142e-07
-4.122125982810e-07
9.244070827601e-09
-2.136796589071e-09
6.558139851217e-10
-9.369043072827e-10
1.674212486743e-11
5.539254218344e-09
2.174156374287e-08
8.934750415713e-10
4.124282475250e-09
1.459867568498e-08
-5.455612808745e-09
-9.626657436479e-08
-2.729955219131e-10
-2.956718205764e-10
3.139988127122e-09
-2.239422761813e-10
-1.417621270746e-12
1.248806166603e-09
4.073374846789e-10
1.173210700741e-10
-1.121566367184e-09
-8.560021126647e-08
-8.641078928218e-07
-2.742825771021e-07
3.769588186292e-08
1.621710225479e-09
-1.401802322745e-08
-1.101920073091e-09
-7.153636268499e-13
-3.684839096666e-09
3.979431913495e-08
-1.630063941628e-09
-4.703186086245e-09
-9.207250855486e-08
-3.603860324412e-07
-4.142824294867e-07
1.636892350723e-08
1.652240661339e-09
-4.411701430714e-09
-1.270244792272e-09
1.631073613445e-11
-5.550439339966e-09
1.660712998277e-08
-1.675236713710e-09
-3.053503309740e-09
-2.234468812062e-08
7.766259998314e-09
-9.092794889601e-08
7.591228856456e-10
2.067997133575e-10
2.351509402509e-09
-2.578309731514e-10
1.777606599003e-12
-1.189766297201e-09
-5.163707899312e-10
-2.013187466242e-10
-2.226933786464e-09
-1.689308213454e-07
3.409972406507e-13
-5.549842047800e-07
7.540458980869e-08
4.124583867339e-12
-2.800533079289e-08
-3.869634105334e-12
-3.268105309472e-13
3.241674154586e-11
7.962582626684e-08
-3.165412784814e-12
-9.402916774088e-09
-1.854302967008e-07
7.093292557643e-10
-8.290518462850e-07
3.267241677348e-08
-9.200059158733e-12
-8.775820098611e-09
3.135775276594e-12
-1.573910361277e-11
-3.340849678065e-12
3.315855869252e-08
-1.034551172777e-11
-6.099858541615e-09
-4.512700085835e-08
5.353583307984e-11
-1.809374496342e-07
1.502365700975e-09
-7.442069627382e-12
4.706482917153e-09
1.605738220341e-12
-3.854111078541e-12
6.521664447628e-12
-1.057023510170e-09
-3.821517812866e-12
-4.441708243666e-09
-1.693911757666e-07
-4.605889358727e-10
-5.542955794566e-07
7.540099216221e-08
-1.639356382748e-11
-2.801249077562e-08
7.574499512851e-12
-7.238324691212e-13
-2.367607179104e-11
7.962506341774e-08
-4.607915001220e-12
-9.395330872238e-09
-1.852691328824e-07
-6.065973117416e-10
-8.292944000746e-07
3.268342816092e-08
5.751774425107e-12
-8.780822202160e-09
-1.658816530317e-12
-1.674613919819e-11
3.259189521997e-12
3.316682657792e-08
4.646260760849e-12
-6.102631551572e-09
-4.502353469910e-08
-2.216830138128e-10
-1.809834364770e-07
1.503980602926e-09
8.241734699645e-12
4.706932663567e-09
-2.347333915784e-12
-3.486255686460e-12
-7.411656141251e-12
-1.053730031291e-09
2.380919312847e-12
-4.442971531264e-09
-8.556000070936e-08
8.640652775990e-07
-2.733279099165e-07
3.769476461513e-08
-1.620062638650e-09
-1.402507559080e-08
1.099596565494e-09
1.398877783965e-13
3.674771534322e-09
3.979663470034e-08
1.626546147511e-09
-4.695039669436e-09
-9.215453260908e-08
3.603498535401e-07
-4.141788024284e-07
1.638210331734e-08
-1.656096399670e-09
-4.417230418680e-09
1.271332268626e-09
2.094364192502e-11
5.551457715833e-09
1.662078403836e-08
1.673535464320e-09
-3.055608469265e-09
-2.250920159291e-08
-7.790265137146e-09
-9.108451973563e-08
7.638588122487e-10
-2.076833381925e-10
2.351703446454e-09
2.598736298853e-10
3.873679189645e-12
1.191379240758e-09
-5.145180042654e-10
2.000678394410e-10
-2.229307197339e-09
-1.858167852295e-07
-8.692886243911e-07
-2.230407935150e-07
4.084445541386e-08
8.798658026791e-10
-3.299623282374e-08
-2.451842196936e-09
4.019801898895e-13
-3.017941696678e-09
2.118332984653e-08
-2.148756725464e-09
-7.619080203010e-09
-2.456659941794e-07
-3.597501281797e-07
-3.502797766702e-07
1.782304924009e-08
8.943721521639e-10
-1.303796279088e-08
-3.325549477072e-09
1.815612662039e-11
-4.681740112017e-09
7.927068430814e-09
-2.203226359218e-09
-4.544662058031e-09
-5.445999992984e-08
8.578345156611e-09
-7.402471522561e-08
9.281534579808e-10
1.087509382910e-10
1.050318300323e-09
-6.821371654380e-10
3.769464180709e-12
-9.827077749637e-10
-1.850042378462e-09
-2.529007117213e-10
-2.412156601414e-09
-3.723226041363e-07
-5.140806059875e-10
-4.534709194190e-07
8.174266386953e-08
4.196979182650e-12
-6.599068237435e-08
3.829249417553e-12
5.756429309347e-12
3.066164650737e-11
4.239737355822e-08
-6.716387396532e-12
-1.525942810413e-08
-4.929548423974e-07
6.793849052683e-10
-7.016351745368e-07
3.557923281726e-08
-1.221432947261e-11
-2.599256132270e-08
-2.018256438710e-13
-1.771707732289e-11
-3.944976615343e-12
1.581975951810e-08
-8.008656953075e-12
-9.089118108109e-09
-1.087570892788e-07
2.140712507818e-10
-1.468203393584e-07
1.832605386616e-09
-1.067028845020e-11
2.120406077230e-09
3.812285068790e-12
-4.452018998528e-12
5.070952013332e-12
-3.709426447268e-09
5.211738069982e-13
-4.804944675214e-09
-3.720919310446e-07
3.248466462115e-10
-4.527380574049e-07
8.172578226702e-08
-1.654988650436e-11
-6.598391903305e-08
3.180143648418e-12
1.004915579756e-12
-2.220735238496e-11
4.239341040843e-08
8.282201874659e-12
-1.525066527957e-08
-4.930387441995e-07
-1.131096089731e-09
-7.016282233194e-07
3.558899790197e-08
4.671417994819e-12
-2.600701960964e-08
3.524940755950e-13
-2.021244463879e-11
2.908767302544e-12
1.582665982845e-08
2.218407123904e-12
-9.089878750309e-09
-1.087428485209e-07
-3.002042859872e-10
-1.469612905328e-07
1.832106348305e-09
8.506122439463e-12
2.118449081385e-09
-3.402482505813e-12
-4.339875065845e-12
-5.811113526141e-12
-3.710836081504e-09
-1.221974047887e-12
-4.808582452359e-09
-1.848764312334e-07
8.692933305725e-07
-2.216223734114e-07
4.082742582020e-08
-8.809692056568e-10
-3.298791446564e-08
2.441805343860e-09
-3.908580197252e-12
3.005480382905e-09
2.117964608133e-08
2.143979622414e-09
-7.607989909722e-09
-2.459927273893e-07
3.600080873528e-07
-3.502836274163e-07
1.784014178269e-08
-8.979958193225e-10
-1.305507865907e-08
3.327996611255e-09
2.246677991789e-11
4.682998454839e-09
7.939242693551e-09
2.200568729090e-09
-4.544860219505e-09
-5.458080020240e-08
-8.583791756278e-09
-7.414001353817e-08
9.298506485731e-10
-1.097203827475e-10
1.048232200286e-09
6.837813221455e-10
4.222382384293e-12
9.848533053533e-10
-1.852416639839e-09
2.529129727973e-10
-2.416007375931e-09
-0.000000000000e+00
-0.000000000000e+00
-0.000000000000e+00
2.818482321547e-11
-0.000000000000e+00
1.312741155963e-12
-0.000000000000e+00
-0.000000000000e+00
-0.000000000000e+00
-0.000000000000e+00
1.541976423090e-10
-0.000000000000e+00
6.264279218805e-11
-0.000000000000e+00
-0.000000000000e+00
-0.000000000000e+00
-0.000000000000e+00
-0.000000000000e+00
-0.000000000000e+00
2.374557083848e-10
1.281079177317e-11
-6.672839911583e-11
-7.709882115452e-11
-2.347720407562e-09
-2.130709969558e-16
-1.458262907200e-10
-6.672839911583e-11
4.763057421316e-25
-2.347720407562e-09
-2.132001598923e-16
-3.956460912497e-11
-2.066754478709e-10
4.766109456537e-25
-2.282976786730e-09
-2.132421352606e-16
-8.540765331339e-12
-2.066754478709e-10
4.766109456537e-25
-2.282976786730e-09
-2.132799778173e-16
-8.312195392174e-11
-1.035897933310e-09
-7.709882115452e-11
-2.239152780081e-09
-2.126602811943e-16
1.069951670962e-10
-1.175844982065e-09
5.467474472525e-25
-2.174409159249e-09
-2.128061417058e-16
-6.800310280293e-11
-1.175844982065e-09
5.467474472525e-25
-2.174409159249e-09
-2.128896808078e-16
2.056283108856e-10
-9.064106916461e-10
1.541976423090e-10
-1.959258682571e-09
-2.129219565889e-16
-1.387395029654e-10
-1.886040032931e-09
-1.541976423090e-10
-1.506053336748e-09
-2.122933811585e-16
1.583216689195e-10
-1.886040032931e-09
4.802733879186e-25
-1.506053336748e-09
-2.118921346361e-16
2.322580180609e-10
-1.746092984176e-09
4.799681843965e-25
-1.570796957579e-09
-2.116332228864e-16
1.696691777412e-10
-1.875580225840e-09
5.482734648628e-25
-1.850691055090e-09
-2.111181618742e-16
2.253838956183e-10
-2.197313551715e-09
-7.709882115452e-11
-3.426529400580e-10
-2.118422582295e-16
4.182139088071e-10
-2.046906695869e-09
-1.541976423090e-10
-7.520342792318e-10
-2.109652967086e-16
3.976856049151e-10
-2.046906695869e-09
3.445784375523e-25
-7.520342792318e-10
-2.099813843038e-16
4.868838395255e-10
-2.326800793379e-09
3.451888445964e-25
-6.225470375681e-10
-2.087746843413e-16
2.907617942671e-11
-2.477207649226e-09
-7.709882115452e-11
-2.131656983943e-10
-2.085538775580e-16
5.524532051445e-10
-2.477207649226e-09
1.541976423090e-10
-2.131656983943e-10
-2.120723191494e-16
5.616731428792e-10
-2.347720407562e-09
1.541976423090e-10
6.672839911583e-11
-2.146311428807e-16
6.538113986519e-10
-2.347720407562e-09
1.541976423090e-10
6.672839911583e-11
-2.192302385969e-16
5.165918033233e-10
-2.239152780081e-09
-7.709882115452e-11
1.035897933310e-09
-1.976750346320e-16
9.275452993909e-10
-1.959258682571e-09
4.272849309089e-27
9.064106916461e-10
-2.016547462672e-16
9.736923346784e-10
-2.239152780081e-09
-1.541976423090e-10
1.035897933310e-09
-2.047856511620e-16
9.933765825591e-10
-2.239152780081e-09
4.883256353245e-27
1.035897933310e-09
-2.091778720250e-16
1.121214582726e-09
-1.635540578411e-09
-7.709882115452e-11
1.606145935421e-09
-2.087028463494e-16
4.868186103673e-10
-1.915434675921e-09
-1.658799448125e-25
1.735633177085e-09
-2.091955381761e-16
5.988960599910e-10
-1.915434675921e-09
1.541976423090e-10
1.735633177085e-09
-2.090449748023e-16
4.752363063429e-10
-1.785947434258e-09
3.083952846181e-10
2.015527274595e-09
-2.079839172093e-16
3.552734177157e-10
-7.520342792318e-10
-3.384743671107e-25
2.046906695869e-09
-2.150268394740e-16
-1.375512518756e-10
-7.520342792318e-10
-3.384743671107e-25
2.046906695869e-09
-2.148703442557e-16
-8.574819252171e-12
-7.520342792318e-10
1.541976423090e-10
2.046906695869e-09
-2.149352466967e-16
-3.003355430377e-11
-4.721401817217e-10
1.541976423090e-10
1.917419454205e-09
-2.153189678065e-16
1.134337546789e-10
-2.131656983943e-10
-4.756953350875e-25
2.477207649226e-09
-2.130863798782e-16
5.847789937894e-11
3.435658869990e-11
-4.592294220150e-25
2.277746883184e-09
-2.133088456743e-16
-7.293015431392e-11
3.435658869990e-11
-4.592294220150e-25
2.277746883184e-09
-2.134023316896e-16
4.825686077592e-11
1.984778283970e-12
-4.421531018985e-25
2.207773358807e-09
-2.134264951747e-16
-8.302887602220e-11
9.387825020620e-10
-1.541976423090e-10
2.029232206948e-09
-2.132386732703e-16
-1.418770781551e-10
9.387825020620e-10
-4.952132833806e-25
2.029232206948e-09
-2.133456616707e-16
5.306639592861e-11
9.387825020620e-10
-4.952132833806e-25
2.029232206948e-09
-2.133539983406e-16
-2.184405715486e-11
7.988354533070e-10
1.541976423090e-10
2.093975827780e-09
-2.133094647836e-16
9.179059204310e-11
1.573774125005e-09
-7.709882115452e-11
1.565567054034e-09
-2.118022131629e-16
9.087227738914e-11
1.681349363345e-09
-4.458155441634e-25
1.430849908824e-09
-2.119147041841e-16
1.964321171016e-10
1.541402314589e-09
-4.455103406413e-25
1.495593529656e-09
-2.119177010394e-16
1.348383745918e-10
1.573774125005e-09
1.541976423090e-10
1.565567054034e-09
-2.118123973123e-16
1.677958805991e-10
2.186853744624e-09
-3.448836410743e-25
6.872906583999e-10
-2.103629034824e-16
3.542157482482e-10
2.186853744624e-09
-3.448836410743e-25
6.872906583999e-10
-2.106179025681e-16
3.800877512459e-10
2.046906695869e-09
1.541976423090e-10
7.520342792318e-10
-2.106494219289e-16
3.517144855999e-10
2.111650316701e-09
1.541976423090e-10
8.919813279868e-10
-2.105092223382e-16
2.832831602831e-10
2.213003262352e-09
-1.748834487138e-25
-1.743036374549e-10
-2.096809868771e-16
4.088625200361e-10
2.143029737975e-09
-1.541976423090e-10
-1.419318270390e-10
-2.099713108049e-16
7.755899522223e-10
2.277746883184e-09
-2.090360889469e-25
-3.435658869990e-11
-2.100115392874e-16
4.377429787386e-10
2.143029737975e-09
-1.747308469528e-25
-1.419318270390e-10
-2.098891143139e-16
4.026640947262e-10
1.964488586116e-09
-1.541976423090e-10
-1.078729550817e-09
-2.101215013392e-16
3.741942628337e-10
1.964488586116e-09
2.972718916302e-26
-1.078729550817e-09
-2.103507486076e-16
6.416373891211e-10
1.964488586116e-09
2.972718916302e-26
-1.078729550817e-09
-2.103873251522e-16
7.530898394744e-10
1.964488586116e-09
1.541976423090e-10
-1.078729550817e-09
-2.103157589051e-16
4.565405160294e-10
1.360876384447e-09
-1.541976423090e-10
-1.648977552929e-09
-2.114479014638e-16
3.705456750819e-10
1.430849908824e-09
-1.541976423090e-10
-1.681349363345e-09
-2.115423869475e-16
4.771665443985e-10
1.560337150488e-09
1.326429151456e-25
-1.401455265834e-09
-2.115608719668e-16
3.259293074897e-10
1.560337150488e-09
1.326429151456e-25
-1.401455265834e-09
-2.115332249748e-16
3.942786273645e-10
8.220078036093e-10
-7.709882115452e-11
-2.079278506285e-09
-2.127489549271e-16
2.085631734187e-10
6.925205619456e-10
-1.541976423090e-10
-2.359172603795e-09
-2.127659032262e-16
-9.913341799191e-11
6.925205619456e-10
-1.541976423090e-10
-2.359172603795e-09
-2.127594561362e-16
2.216087376789e-10
6.925205619456e-10
-1.541976423090e-10
-2.359172603795e-09
-2.127536144993e-16
-2.316226113311e-10
