-5.086685381417e-17
-2.089223264710e-05
9.271886601193e-05
-1.154677796383e-04
-3.839036780510e-05
-4.806448336958e-06
2.089223264710e-05
3.839036780510e-05
1.154677955696e-04
9.271886601193e-05
-1.442672935256e-04
2.089223264710e-05
7.267524739315e-06
3.815567775240e-05
1.154138188891e-04
9.271886601193e-05
1.490743025966e-04
7.519696575012e-06
-2.089223264707e-05
-1.237489008202e-05
1.213367870440e-05
-1.873637361418e-05
-5.175931808622e-05
-8.869620204340e-05
2.313509807351e-08
-1.164774317124e-06
-4.639086427992e-05
7.754807121906e-06
-2.374067582055e-04
-1.748715898530e-07
-2.398736471908e-06
-4.661873101076e-05
-6.819150946838e-06
-2.275301425718e-04
2.567912426631e-07
-2.396089301218e-06
-1.813657617604e-05
4.748365774420e-05
-7.829154652640e-05
1.103279266787e-08
-1.176163215978e-06
-4.588723040255e-05
-4.422435572336e-05
-6.623131246653e-05
-4.494607979602e-08
-1.169815006333e-06
-1.298880808208e-04
3.962448370810e-06
-1.863440775709e-04
-3.541502700184e-07
-2.332004954361e-06
-1.316241218906e-04
1.553617144366e-06
-1.898340780354e-04
1.738122674939e-07
-2.318870893250e-06
-5.074407049574e-05
4.770806559529e-05
-7.170345388889e-05
-3.634877381921e-08
-1.104910143448e-06
-6.159971519767e-05
-3.174109713662e-05
-2.880039468470e-05
1.860760294843e-07
-9.740860542914e-07
-1.790335826640e-04
2.912113456684e-06
-1.053236801091e-04
-4.478200568041e-08
-2.222884444886e-06
-1.927939835147e-04
1.481751609159e-05
-1.230245387273e-04
6.101283706410e-07
-2.295611324950e-06
-7.615928850998e-05
4.973965176819e-05
-5.512294759987e-05
9.854336806795e-08
-1.190215479953e-06
-1.440142006270e-06
1.753285648708e-08
1.672284145933e-05
3.598465904461e-08
-1.470772856773e-06
-1.506797292261e-04
-1.239473905486e-05
-6.692727214313e-06
-8.113384843852e-07
-2.424271447865e-06
-2.893566300905e-04
1.683282133909e-05
-7.024497891803e-05
2.743595719149e-08
-2.235817861925e-06
-1.614539966632e-04
7.464229359003e-05
-4.181013506794e-05
-2.271665583431e-07
-6.005607287766e-07
-9.991318258039e-05
-5.622703166679e-05
3.844389225506e-05
-7.925193382108e-08
4.361372828658e-07
-2.480931295695e-04
2.843929218232e-06
5.299934487406e-05
-5.008673718541e-08
-1.814536629723e-06
-2.367288298125e-04
-1.698294028940e-05
4.871576931828e-05
2.715782433032e-08
-3.017603583942e-06
-7.495453176835e-05
4.787249624371e-05
-2.132920235188e-06
-4.422092720868e-08
-2.856054390676e-06
-2.810321996956e-04
-1.744886339049e-04
7.795374174514e-05
1.144912346022e-06
-5.949440669441e-06
-5.029186945681e-04
2.122864955642e-06
2.760692285361e-04
2.251899325142e-06
-6.529684402650e-06
-3.102236454996e-04
-8.314775816057e-05
1.561925574530e-04
1.324709792089e-06
-5.403509582634e-06
-2.854050227354e-05
5.454843101585e-05
6.951474672802e-05
6.687126879170e-07
-2.967119435328e-07
8.363593755539e-05
2.898989898941e-06
-7.953022153270e-06
-1.344770607134e-06
-9.573817660788e-08
4.833892163750e-05
-8.289400631865e-06
1.676953175534e-06
-2.874593623856e-06
-3.099574283257e-06
-7.121935923404e-05
-3.739646176469e-05
7.572855643753e-05
-3.204416031851e-06
-4.253513933288e-06
-7.975772687733e-05
4.090094880716e-05
3.215446236921e-05
-1.521854294816e-06
-3.222140797312e-06
-1.487081454025e-05
-3.717467946479e-05
4.571326944905e-05
4.243597759835e-07
-1.587893701699e-06
-4.263296042505e-05
1.810987037459e-05
1.870934029322e-04
1.164649716629e-06
-2.866093974583e-06
-5.486904530424e-05
-2.409227901413e-06
2.251693189525e-04
9.484259966694e-07
-2.747968464682e-06
-8.278193107466e-06
6.223652726292e-05
1.000114442248e-04
5.662655727327e-07
-9.834533392705e-07
2.130881415349e-05
-4.385411017341e-05
7.205976038881e-05
-1.409465963859e-07
-1.138492979075e-06
4.066043736093e-05
1.129454495035e-05
2.569224828884e-04
-1.461058776757e-07
-2.539022215633e-06
3.496702512604e-05
-3.085521096952e-06
3.115408588678e-04
-5.492757153212e-07
-2.659509659862e-06
8.122175213916e-06
7.252705593207e-05
1.344960802837e-04
-2.025015077889e-07
-1.413190000809e-06
4.828873799447e-05
-5.001464677118e-05
7.798526566869e-05
4.651252687589e-08
-1.264565976454e-06
1.381725028375e-04
5.772562936332e-06
2.279964199530e-04
2.523867350181e-07
-2.576182124135e-06
1.429171815357e-04
2.517109235124e-06
2.410053118954e-04
-2.629759565537e-07
-2.582556966899e-06
5.448283869115e-05
5.941860923859e-05
9.532665157752e-05
-5.997516950808e-08
-1.268160959340e-06
8.011698290968e-05
-5.058458224680e-05
5.841120897490e-05
3.205269422509e-09
-1.196322677165e-06
2.173005584025e-04
-3.313749559569e-06
1.586714710640e-04
3.012369510172e-07
-2.516285609619e-06
2.171615598493e-04
6.723441622794e-06
1.586657010797e-04
-3.320244192959e-07
-2.516025294332e-06
8.064725676214e-05
5.171446938022e-05
5.940422694532e-05
-1.691229881074e-08
-1.199301214217e-06
9.680230971924e-05
-4.765409650176e-05
2.278988924767e-05
-6.783940866101e-08
-1.170295493036e-06
2.599496755678e-04
-1.249104347546e-05
6.251205506529e-05
4.167499280460e-07
-2.533148019185e-06
2.558866950437e-04
1.318798964731e-05
6.054429941630e-05
-4.047997081584e-07
-2.525822435013e-06
9.275342072727e-05
4.561365444949e-05
2.070026888408e-05
7.758693399444e-08
-1.157559126963e-06
9.451138085602e-05
-5.671661412480e-05
-1.684886271400e-05
7.983946627101e-08
-1.154791416295e-06
2.588471922868e-04
6.882588253720e-06
-4.213945641578e-05
6.711271773675e-08
-2.555896721574e-06
2.555331908411e-04
-7.512595592686e-06
-4.238509154674e-05
-5.378730521805e-08
-2.550227847107e-06
9.081495226724e-05
5.486485392430e-05
-1.705445220530e-05
-7.166707423287e-08
-1.147669809074e-06
7.673578100147e-05
-6.545816676714e-05
-5.165273310860e-05
2.370087906722e-07
-1.154301214672e-06
2.188523902382e-04
2.588351343860e-05
-1.357345901140e-04
-2.829688638338e-07
-2.589460920028e-06
2.166166023596e-04
-2.705481614326e-05
-1.350221823724e-04
2.994230950762e-07
-2.585488697966e-06
7.403936451369e-05
6.389068439332e-05
-5.057489542885e-05
-2.284005664461e-07
-1.152597408702e-06
4.900852995790e-05
-6.024907926031e-05
-7.645538027644e-05
1.536789041675e-07
-1.169374491961e-06
1.470564095418e-04
1.757918207684e-05
-2.060820162128e-04
-1.770065645621e-07
-2.577578230267e-06
1.440274403181e-04
-1.905535077448e-05
-2.035225979553e-04
2.125949533198e-07
-2.572033375986e-06
4.575171009878e-05
5.776403256637e-05
-7.292623122987e-05
-1.352374597879e-07
-1.172825243402e-06
1.616573335765e-05
-5.589998125846e-05
-8.948590512108e-05
7.544909749983e-08
-1.182594265398e-06
5.346913934776e-05
1.204802105972e-05
-2.426499408303e-04
-1.539833432717e-07
-2.504807743434e-06
5.015610441651e-05
-1.337579708124e-05
-2.358161495035e-04
2.103417047783e-07
-2.497449295985e-06
1.314224054528e-05
5.184181694620e-05
-8.130178222880e-05
-4.942298357057e-08
-1.186893138551e-06
