-4.678027285514e-05
-0.000000000000e+00
-1.038730720441e-20
0.000000000000e+00
5.636964643094e-11
-0.000000000000e+00
-4.678027385123e-05
-0.000000000000e+00
-1.197797665928e-05
-0.000000000000e+00
5.636964643094e-11
-0.000000000000e+00
-4.678045059674e-05
0.000000000000e+00
-1.197846093626e-05
-0.000000000000e+00
5.636964643094e-11
-0.000000000000e+00
-4.678045059674e-05
-3.753856273376e-48
-1.197846093626e-05
2.211626102051e-10
-4.763345407001e-01
9.691773336238e-10
2.030800678332e-01
-4.939325765906e-04
1.045848408261e-01
2.060187481047e-01
9.489055759661e-06
-4.799108184993e-01
8.662895511503e-03
3.738356819834e-03
2.713185404288e-03
4.858889104398e-01
-1.006351437450e-02
2.113586725279e-01
2.180177296865e-01
-6.782712130227e-04
7.804449182059e-02
3.590939741221e-01
-4.623287824574e-03
-3.940384981631e-01
1.672569451859e-03
4.888950520182e-03
-1.707219377406e-03
4.156601389809e-01
6.212210807315e-04
3.597054116544e-01
2.269860087692e-01
-8.108676671647e-04
5.060587282154e-02
1.311524341714e-01
-1.180082375061e-03
-4.612198067267e-01
2.688556817666e-03
4.584528209992e-03
-2.066598214739e-03
4.856356034721e-01
-2.014466582015e-03
1.290911758692e-01
2.274420495454e-01
-8.801706190154e-04
2.159890817247e-02
2.139792310703e-01
-6.366041513335e-03
-4.697033743248e-01
1.105734247140e-02
3.792646042347e-03
-2.707952511035e-03
4.774978410163e-01
-1.029552994380e-02
2.132286445463e-01
2.316245784204e-01
-1.157127484624e-03
-8.244336012463e-03
3.725171976184e-01
-8.206479790155e-03
-3.864512240221e-01
6.407634678862e-03
4.828225978325e-03
-4.962363836248e-03
4.020171617645e-01
-2.299733568962e-03
3.574473652430e-01
2.298471384604e-01
-1.324843454832e-03
-3.689461202495e-02
1.436324434537e-01
-5.929932474158e-03
-4.637072634507e-01
7.897967172395e-03
4.505886125476e-03
-5.715002189535e-03
4.797915227952e-01
-7.032260005819e-03
1.253708940614e-01
2.188982162492e-01
-1.358506774378e-03
-6.450559460885e-02
2.202156997671e-01
-1.081864107343e-02
-4.947062220412e-01
1.130649770948e-02
3.728862442828e-03
-7.381705412429e-03
4.996713132892e-01
-1.019376502244e-02
2.147815658958e-01
2.104154452146e-01
-1.593043855931e-03
-9.524694704635e-02
3.893717684180e-01
3.270993728145e-03
-4.270204577785e-01
-8.712738211746e-03
4.512269739462e-03
1.852697186378e-03
4.283477787841e-01
9.409730816483e-03
3.701530470060e-01
1.976064217193e-01
-1.835519504228e-03
-1.221738465626e-01
1.561165118868e-01
2.275676691868e-02
-4.650849158141e-01
-2.081834438638e-02
3.817409621105e-03
1.142541211507e-02
4.646731424680e-01
1.805984770058e-02
1.338209686575e-01
1.791670573989e-01
-2.168092450190e-03
-1.419166603294e-01
1.890353191228e-01
-1.702803156783e-02
-4.123925891222e-01
1.200584998821e-02
3.216883022130e-03
-1.951201018521e-02
4.104235191454e-01
4.365711915052e-03
1.834975319532e-01
1.641185920392e-01
-2.435882338424e-03
-1.623184078403e-01
3.167389653522e-01
-1.380418265311e-01
-3.189931480116e-01
8.835031985487e-02
3.408442601235e-03
-1.128661995611e-01
3.010620716882e-01
-3.837504889388e-02
3.110283953657e-01
1.462200225652e-01
-1.317595824176e-03
-1.824552156891e-01
2.555791348332e-01
-2.299631049740e-01
-4.323980833661e-01
1.311379697203e-01
3.505955314368e-03
-1.702502935701e-01
4.248600304835e-01
-7.358446668171e-02
2.519372875831e-01
1.118997560036e-01
1.841451302876e-03
-2.010571460669e-01
3.360127969940e-01
-1.641832817053e-02
-7.929463396732e-01
3.827620405848e-02
1.883424674260e-03
4.317501202082e-02
7.940028653557e-01
-8.830805212334e-02
3.289871515995e-01
6.374064074878e-02
4.726330008711e-03
-2.285481707108e-01
6.600840747795e-01
7.581180731674e-01
-7.740896204078e-01
-1.716362636499e-01
-3.502883894797e-03
7.219909353929e-01
8.075023745029e-01
-1.388885586225e-01
6.190819499186e-01
3.106500066541e-02
3.555190492867e-03
-2.512402477531e-01
2.472545715381e-01
1.145698649058e+00
-1.878319722251e-01
-1.965113914011e-01
-3.380879942525e-03
1.031179656245e+00
2.515983514414e-01
-2.325157207870e-01
2.544269405736e-01
2.668322171808e-02
-3.529648373648e-03
-2.583793113543e-01
1.802479425207e-01
4.635017337457e-03
1.091249738057e-01
-1.378486586950e-01
1.279796568243e-02
-1.641661556428e-01
-1.145338139286e-01
2.522066459610e-01
2.051451723319e-01
2.453815290267e-02
-1.025120362580e-02
-3.185411811027e-01
1.870484385616e+00
-1.431242385593e+00
8.785171371205e-01
-2.733034578982e-01
2.518454073689e-02
-1.506994103440e+00
-7.952588664651e-01
8.941254844570e-01
1.849066726175e+00
-1.463863630774e-02
-1.076696586610e-02
-3.227847120636e-01
-7.039398450489e-01
-9.099096408875e-01
-2.491759341410e+00
-3.411535567355e-01
2.663503828678e-02
-1.040854689540e+00
2.478043766536e+00
6.840955364235e-01
-8.131258104143e-01
-9.140899392877e-02
-6.897971744141e-03
-2.226744523259e-01
-2.016455847088e-01
-8.181875942394e-02
-1.695869737150e+00
5.667565855047e-02
6.192632970055e-03
-8.761443545895e-02
1.714412280662e+00
-8.434252288802e-02
-1.882313803922e-01
-1.305187960320e-01
-4.037373653757e-03
-1.723608710102e-01
1.171461309446e-01
1.481475051922e-01
-5.297178843085e-01
1.635729053957e-01
8.318652848826e-03
1.886887397208e-01
5.840462018961e-01
-2.324280815821e-01
8.513504574315e-02
-1.509009556835e-01
-2.733336091598e-03
-1.615586935676e-01
2.790795137764e-01
5.452935544946e-02
-1.423256552732e-01
9.206151490730e-02
4.348706505465e-03
8.971496731674e-02
1.590716422585e-01
-1.076269889451e-01
2.991890154348e-01
-1.701744959758e-01
-2.190294441682e-03
-1.579855883625e-01
2.597024491591e-01
-1.253745476488e-02
-2.722646001084e-01
-4.996613322712e-03
4.865447667372e-03
-1.288368211120e-02
2.705633995045e-01
2.194135165156e-02
2.791672676116e-01
-1.926777019562e-01
-1.949711788716e-03
-1.459752146650e-01
3.209216192544e-01
-1.055511451921e-02
-3.892012210220e-01
-2.214475947890e-02
6.221612841014e-03
-1.694152188416e-02
4.016864899724e-01
2.621594314018e-02
3.481396236448e-01
-2.079556877592e-01
-1.465663388872e-03
-1.191248534821e-01
6.147813000585e-04
-1.331133272305e-02
-6.195202169948e-01
-1.029085231090e-02
5.739199814001e-03
-1.048377069770e-02
6.413850475638e-01
1.103385006688e-02
2.275870432829e-02
-2.133441304091e-01
-8.551125004299e-04
-8.443634343295e-02
1.071705345290e-01
-1.024329618225e-02
-5.745485180359e-01
-7.981258536102e-03
4.649197670620e-03
-1.342965477244e-02
5.805308054653e-01
1.338556008946e-02
1.118486540460e-01
-2.252120161026e-01
-5.704533923469e-04
-5.580654699441e-02
3.581897910210e-01
-1.771146494223e-03
-3.805043362833e-01
3.993855363678e-03
5.951634254367e-03
-5.710955123453e-03
4.037995989865e-01
-3.856797365689e-03
3.590878346661e-01
-2.330059799175e-01
-3.303761811234e-04
-2.874633433570e-02
9.211527507133e-02
-5.872639032871e-03
-4.701286506326e-01
4.475618852206e-03
5.294536317630e-03
-3.097123222277e-03
5.003340894924e-01
-3.569728743908e-03
9.002775088026e-02
-2.296819103889e-01
-1.065089556041e-04
1.307906599663e-04
1.333104233281e-01
7.164573174082e-04
-4.971726787493e-01
-8.082473578839e-03
4.165524433662e-03
-2.380149708288e-03
5.064142989952e-01
9.863364684393e-03
1.331438789376e-01
-2.307120218168e-01
-1.456093435109e-04
2.949337568882e-02
3.499717000815e-01
3.010266909752e-03
-3.917032942407e-01
-2.322203153493e-03
5.380786357350e-03
5.434135598265e-04
4.087180541392e-01
-4.801354295132e-04
3.358907726420e-01
-2.269960258177e-01
-1.340672489584e-04
5.814899461719e-02
1.130470170280e-01
-1.537368583705e-03
-4.950193429982e-01
-2.874159571676e-04
4.802231715887e-03
5.269119256866e-04
5.133200156899e-01
7.270264449523e-04
9.289963537944e-02
-2.128651175115e-01
-6.117824796285e-05
8.475401224386e-02
1.485492653306e-01
5.252178103491e-03
-5.087525549497e-01
-7.574415217258e-03
3.835536132167e-03
2.614833458671e-03
5.142754832905e-01
6.835684158463e-03
1.425879512863e-01
-2.023684058855e-01
-1.929428500586e-04
1.127533227089e-01
3.476737017522e-01
4.018784878833e-03
-4.041354889666e-01
-2.285471865780e-03
4.970674600404e-03
2.224874615001e-03
4.051684963253e-01
-1.907237767193e-03
3.273003387299e-01
-1.882990555259e-01
-2.429990620302e-04
1.378866679979e-01
1.287130353312e-01
1.052488827516e-03
-4.909494643735e-01
-1.211959822701e-03
4.509885115956e-03
1.773897934005e-03
4.897752158509e-01
1.520922237787e-03
1.032345179387e-01
-1.659542538132e-01
-2.041845081361e-04
1.574114180233e-01
1.597696791800e-01
7.862152238781e-03
-5.028294054772e-01
-5.968074789736e-03
3.674472166144e-03
5.921154126571e-03
5.025301650830e-01
4.066337223350e-03
1.518301427903e-01
-1.457794669216e-01
-3.440624526945e-04
1.794228015388e-01
3.423645571549e-01
4.021833211628e-03
-4.132076801254e-01
-1.769591660924e-03
4.746330228894e-03
3.804948123287e-03
3.998902752130e-01
-2.834733612715e-03
3.278711479334e-01
-1.232396415177e-01
-3.861571439343e-04
1.974667396268e-01
1.337073645210e-01
3.248242278295e-03
-4.954541166705e-01
-1.393605054681e-03
4.391650473548e-03
3.290723699385e-03
4.772954830399e-01
1.475216371193e-03
1.172238646299e-01
-9.537862180046e-02
-3.262819041176e-04
2.075616952003e-01
1.695680439585e-01
9.225293576840e-03
-5.018852433258e-01
-3.711022611566e-03
3.606639280177e-03
7.972436257756e-03
4.959295191100e-01
1.105560664180e-03
1.644934542592e-01
-6.838689150363e-02
-4.375725553449e-04
2.205577723111e-01
3.369450502875e-01
2.527791195053e-03
-4.165046784601e-01
-6.139971038179e-04
4.652454573367e-03
3.916783929854e-03
3.969888768082e-01
-3.551304254344e-03
3.363320372188e-01
-4.073416138137e-02
-4.518119589073e-04
2.288321347243e-01
1.303372554374e-01
4.110210868981e-03
-4.938119611203e-01
-5.413873651246e-04
4.325956194443e-03
3.815468869609e-03
4.697813405383e-01
4.463178454291e-04
1.315637170846e-01
-1.122331741439e-02
-3.633906621097e-04
2.280111965608e-01
1.766574218925e-01
9.260937176347e-03
-4.986925639204e-01
-9.324075634164e-04
3.599177029627e-03
8.798294404156e-03
4.907467794593e-01
-2.096440255031e-03
1.769639478205e-01
1.873093642628e-02
-4.485923636970e-04
2.300921946308e-01
3.329509132414e-01
6.999367831198e-04
-4.135710045291e-01
5.437931444630e-04
4.670299854725e-03
3.445980946060e-03
3.992070591602e-01
-3.609604019535e-03
3.464692529580e-01
4.745741073489e-02
-4.459790240803e-04
2.273721518897e-01
1.253084546766e-01
4.201397505600e-03
-4.863583679480e-01
7.703877537737e-04
4.327180520667e-03
3.789586060378e-03
4.704739538490e-01
-1.028010608602e-03
1.431315298889e-01
7.451452179803e-02
-3.460850216257e-04
2.157755815754e-01
1.845589077347e-01
7.723314127284e-03
-4.933859947235e-01
2.289330899568e-03
3.619679072136e-03
8.310844877782e-03
4.878860870803e-01
-5.305251969700e-03
1.904036982209e-01
1.032297741137e-01
-4.274361389533e-04
2.066422491114e-01
3.342176478218e-01
-1.394565818847e-03
-4.062192915569e-01
1.386487325531e-03
4.722352517551e-03
2.116999268699e-03
4.056569154076e-01
-2.746952222522e-03
3.544355625586e-01
1.287951734042e-01
-4.342585223955e-04
1.932948266285e-01
1.226320268039e-01
3.159243195173e-03
-4.751310559158e-01
2.166409870697e-03
4.392598329239e-03
2.743590218859e-03
4.767395758140e-01
-2.383639844368e-03
1.464890925034e-01
1.495511236729e-01
-3.538752087526e-04
1.725734690335e-01
1.944358210805e-01
4.649462648913e-03
-4.854974217245e-01
5.613465965907e-03
3.665021419197e-03
6.354808785388e-03
4.858251827415e-01
-8.111836516024e-03
2.024711360802e-01
1.729999196052e-01
-4.671488088928e-04
1.535118466549e-01
3.429806757851e-01
-3.173815988374e-03
-3.970624032626e-01
1.871289126484e-03
4.807282438480e-03
3.562544693786e-04
4.114899412037e-01
-1.293575899694e-03
3.581978679829e-01
1.916100739832e-01
-5.187009035346e-04
1.315252143591e-01
1.247346290035e-01
1.215172638839e-03
-4.653478873941e-01
3.334033739899e-03
4.505851785531e-03
7.039580477106e-04
4.837032767002e-01
-3.241676909761e-03
1.404878829403e-01
2.033989988933e-01
-2.111260718201e-04
1.046055740293e-01
2.006442968691e-01
-1.540700454869e-03
-4.835655899059e-01
1.248639549720e-03
3.424356898623e-03
-1.480661100385e-03
4.890228523718e-01
-1.023601838027e-03
2.057802223442e-01
2.179833598596e-01
-3.335602561108e-04
7.786358011296e-02
3.529582445270e-01
-1.559379401921e-03
-3.965254921168e-01
-2.576848305843e-03
3.995878100204e-03
-2.494678844528e-03
4.170800026442e-01
3.912292344776e-03
3.535386375923e-01
2.270599561602e-01
-4.646729648765e-04
5.043424474204e-02
1.402902612936e-01
-1.916495978238e-03
-4.576405350968e-01
-1.525639133970e-03
4.070332225481e-03
-2.799739621221e-03
4.818619612811e-01
2.260508275183e-03
1.391397678424e-01
2.278862007444e-01
-5.928626657604e-04
2.136478750328e-02
2.141838045116e-01
-4.018396087210e-03
-4.714722299249e-01
2.198924718870e-03
3.469952853798e-03
-3.233330983282e-03
4.787086771313e-01
-1.109776279635e-03
2.138415364282e-01
2.320011854419e-01
-8.152193554031e-04
-8.576913916927e-03
3.710582104230e-01
-4.435927083641e-03
-3.870010407249e-01
3.039970570131e-03
3.979624696693e-03
-3.149641110915e-03
4.022385700976e-01
-1.050495250545e-03
3.565507760083e-01
2.304075824539e-01
-9.854007020597e-04
-3.725594940938e-02
1.504436471598e-01
-5.771714751974e-03
-4.601344891824e-01
5.193608890314e-03
4.020278219590e-03
-3.664727909704e-03
4.770720532404e-01
-3.750496348851e-03
1.324690629507e-01
2.194180015805e-01
-1.074754402601e-03
-6.489602334675e-02
2.105049979029e-01
-5.010084735440e-03
-5.002463054954e-01
3.431304468858e-03
3.483750443475e-03
-3.429185920394e-03
5.053945348741e-01
-2.982920916971e-03
2.051828800112e-01
2.096106447533e-01
-1.264932517824e-03
-9.503519206675e-02
3.554515409627e-01
6.998496738207e-03
-4.415286216083e-01
-1.153865284795e-02
3.980218102724e-03
3.745140076085e-03
4.412002372103e-01
9.197970104896e-03
3.349900177253e-01
1.957697078488e-01
-1.516908161772e-03
-1.211658531683e-01
1.503392484828e-01
2.678664323880e-02
-4.660171257458e-01
-2.588662486360e-02
4.014087652433e-03
1.383969458128e-02
4.633460576389e-01
2.259629172136e-02
1.293474516786e-01
1.797888289072e-01
-1.895966216234e-03
-1.431136070223e-01
2.970985385449e-01
-7.847095472866e-03
-3.672074880498e-01
5.806957553701e-03
3.463043756413e-03
-1.232441026397e-02
3.669641205920e-01
9.215313258016e-03
2.925021143878e-01
1.715552425411e-01
-2.161721419310e-03
-1.712005007228e-01
5.258509549038e-01
-1.413189313103e-01
-2.297052908894e-01
9.705637285297e-02
3.782713535317e-03
-1.102932908628e-01
2.174482798209e-01
-4.091794394412e-02
5.100539768561e-01
1.574555940031e-01
-1.039057310165e-03
-1.960713750615e-01
2.407359697430e-01
-2.412760042430e-01
-4.459726333675e-01
1.463972164507e-01
4.272603919886e-03
-1.706116426491e-01
4.280992072234e-01
-7.194862526691e-02
2.159141145995e-01
1.154309184881e-01
2.013203447436e-03
-1.976336360583e-01
-2.287298206000e-01
-1.233405394281e-02
-1.052232723556e+00
4.511070992585e-02
3.062333406485e-03
4.260376327133e-02
1.033464509382e+00
-8.689075573716e-02
-2.378578580887e-01
5.042273038356e-02
4.831306286518e-03
-1.762108790425e-01
-3.726020634631e-01
6.342027297443e-01
-1.215724252944e+00
-1.597799114289e-01
7.743582789878e-04
5.863786627325e-01
1.225262476353e+00
-1.129614704207e-01
-3.337104604793e-01
1.442360108331e-02
3.510595593181e-03
-1.813508016250e-01
7.459225443868e-01
8.594894202773e-01
8.366497586788e-02
-2.019511138344e-01
-3.333496565596e-04
7.313707554531e-01
2.616661758172e-02
-1.412785502690e-01
7.562553132871e-01
1.563747752189e-02
-3.210524117932e-03
-2.657680585045e-01
2.022958645852e+00
1.363045078313e-02
8.863343953026e-01
-1.422295851950e-01
-6.218446559331e-04
-9.224152786842e-02
-8.947961520673e-01
2.273810883114e-01
1.967667604761e+00
6.492477823546e-03
-9.285123432484e-03
-4.168911559173e-01
2.725908119895e+00
-8.930912368708e-01
1.160586178427e+00
-1.695939228342e-01
9.802836136745e-03
-9.361015871397e-01
-1.103974372566e+00
6.109789823339e-01
2.627306936940e+00
-3.243103785001e-02
-9.994203622792e-03
-3.956095706476e-01
-2.155550094398e+00
-6.749602166481e-01
-3.024382703578e+00
-1.284092916526e-01
7.054637222906e-03
-7.513858475456e-01
3.144134504438e+00
4.526636081479e-01
-2.230251669662e+00
-8.688647913841e-02
-6.722570026619e-03
-2.277826416551e-01
-9.223279724096e-01
-5.826253510570e-02
-1.972620955285e+00
5.902752892640e-02
-2.628863720451e-03
-5.335058487420e-02
2.021250082462e+00
-7.901895690534e-02
-9.469898870523e-01
-1.178829527612e-01
-3.767399574488e-03
-1.575168578992e-01
1.590594592730e-01
1.253401707123e-01
-5.251692041864e-01
1.431106318917e-01
-6.693026030922e-04
1.844340151741e-01
5.680888114977e-01
-2.306717456156e-01
1.004902580780e-01
-1.439043357648e-01
-2.427986413517e-03
-1.542285488016e-01
5.304579375675e-01
4.949227597197e-02
-4.616384428418e-02
8.235953489349e-02
2.024531715500e-03
9.571002379064e-02
4.690782318185e-02
-1.116423501174e-01
5.559899310756e-01
-1.702829030871e-01
-1.864465119629e-03
-1.586662983791e-01
3.342762754146e-01
-6.497721890505e-03
-2.449602153645e-01
8.686582644278e-04
3.765693029027e-03
-4.241213011529e-03
2.432484423088e-01
1.161483505895e-02
3.558730956310e-01
-1.941070996636e-01
-1.532293968109e-03
-1.474169244867e-01
3.003858321275e-01
-1.331830892795e-02
-4.019221835272e-01
-1.406159193582e-02
4.735797351597e-03
-1.913565729624e-02
4.157991594771e-01
2.277449608587e-02
3.255699002440e-01
-2.085715656290e-01
-1.046054569552e-03
-1.200026229808e-01
-7.275745531678e-03
-9.834505886712e-03
-6.190936141873e-01
-4.581283606288e-03
4.779223450875e-03
-1.054671052423e-02
6.387071146302e-01
7.414496838845e-03
1.348981502090e-02
-2.134622321313e-01
-5.148420585952e-04
-8.518720126971e-02
9.439650866944e-02
-8.140494523299e-03
-5.791560862315e-01
2.399175288691e-03
3.961387498510e-03
-6.812161135935e-03
5.835029695422e-01
1.189224856740e-03
9.846154765854e-02
-2.245432566039e-01
-1.655627335589e-04
-5.613840177480e-02
3.449941784085e-01
-6.966899919194e-03
-3.888546205109e-01
1.246660312557e-02
4.517192488889e-03
-2.699811773755e-03
4.092544816757e-01
-1.189998091348e-02
3.451153524194e-01
-2.324453435243e-01
6.338412969773e-05
-2.896652648397e-02
1.087521902759e-01
-5.464963162477e-03
-4.642989512009e-01
1.034489634584e-02
4.538528907197e-03
-1.528830565788e-03
4.931035997196e-01
-9.387137819524e-03
1.081008567634e-01
-2.298598893157e-01
2.033488644382e-04
-2.942720369436e-05
1.359408715016e-01
-1.320417608453e-03
-4.976301152625e-01
1.360898723722e-03
3.684808227709e-03
-1.488009943730e-03
5.061584314849e-01
-1.276824925750e-04
1.362502413376e-01
-2.306899097128e-01
2.291721731009e-04
2.944979488797e-02
3.419470247264e-01
-1.981874213907e-03
-3.956465422948e-01
2.630179791483e-03
4.290359729573e-03
-1.673493694154e-03
4.117016802946e-01
-2.690281291066e-03
3.285449555420e-01
-2.269279212276e-01
2.329099424689e-04
5.811352122720e-02
1.196926954639e-01
-2.013204587140e-03
-4.914648680245e-01
3.060985252059e-03
4.324501126394e-03
-9.670258704892e-04
5.102406320981e-01
-2.807798020485e-03
1.002625568229e-01
-2.130570293393e-01
2.309317347445e-04
8.483447868201e-02
1.478874771013e-01
-1.366885121677e-05
-5.095994010975e-01
7.776804327968e-04
3.540431640093e-03
2.450264604599e-04
5.151884257036e-01
-1.076993559290e-03
1.424164757072e-01
-2.024013784543e-01
1.613652850067e-04
1.128276384513e-01
3.437041781863e-01
-7.523672331165e-04
-4.052894273633e-01
1.194097861805e-03
4.140188181411e-03
-4.705722155672e-04
4.065487805529e-01
-1.853366270900e-03
3.237664310865e-01
-1.883520260493e-01
1.052404745819e-04
1.379636350100e-01
1.337782210530e-01
-1.234604252399e-04
-4.886598433438e-01
9.678302044687e-04
4.167605982851e-03
6.902817305927e-05
4.880576880479e-01
-9.896453541048e-04
1.078150241331e-01
-1.661121452128e-01
7.791290083586e-05
1.576225267783e-01
1.584545284369e-01
3.198202537822e-04
-5.041321005175e-01
5.494615011782e-04
3.457599849983e-03
8.208884281221e-04
5.042541944368e-01
-1.030831978457e-03
1.506406273926e-01
-1.458225428819e-01
-1.716844825233e-06
1.795889587607e-01
3.405167940824e-01
-8.909777459634e-05
-4.134480698860e-01
3.843162732452e-04
4.034839863249e-03
3.026433891586e-04
4.005209319933e-01
-1.100653724681e-03
3.258508129420e-01
-1.233289096732e-01
-4.814759858735e-05
1.976588156739e-01
1.378318013188e-01
1.272504623474e-03
-4.938262480161e-01
3.688374985387e-05
4.062896962823e-03
1.009619959592e-03
4.755628537752e-01
-3.075135600782e-04
1.204615029365e-01
-9.548301645644e-02
-4.866307147149e-05
2.078385371901e-01
1.670179265148e-01
3.505720198245e-04
-5.037625489670e-01
2.116889472334e-04
3.418421628538e-03
7.613155812492e-04
4.983334149306e-01
-5.603320134901e-04
1.614325608838e-01
-6.839257431333e-02
-1.000913343727e-04
2.207156317810e-01
3.356002096654e-01
-4.460157940064e-04
-4.167475655622e-01
1.444611203989e-04
3.977734562761e-03
6.052281497985e-05
3.974208270522e-01
-4.968546681651e-04
3.345085803106e-01
-4.077737090847e-02
-1.168071143309e-04
2.290627991144e-01
1.348056484406e-01
1.564024214952e-03
-4.922414822993e-01
7.652992471613e-05
4.019688982592e-03
1.148678028401e-03
4.674986173994e-01
-3.872439254514e-04
1.354954841480e-01
-1.124805693502e-02
-8.787794120740e-05
2.283088374636e-01
1.730263185145e-01
3.377271616810e-04
-5.011707739560e-01
2.971313277679e-04
3.393878413106e-03
6.679475076143e-04
4.933971513515e-01
-3.328418991977e-04
1.730203478495e-01
1.875654815250e-02
-1.133431758479e-04
2.302022726335e-01
3.315383473185e-01
-9.420298177496e-04
-4.139713627032e-01
-1.726781858632e-04
3.939601079947e-03
-5.257364462967e-04
3.996021131021e-01
3.551171339488e-04
3.445241788860e-01
4.748872845137e-02
-1.107177771525e-04
2.275915159173e-01
1.304888752871e-01
1.213889765714e-03
-4.845110079720e-01
2.812845117753e-04
4.007680440819e-03
7.372351781164e-04
4.677562518694e-01
-5.846274116328e-04
1.483160856773e-01
7.459205037691e-02
-7.040536629679e-05
2.160449527568e-01
1.798693870172e-01
1.923910719756e-04
-4.963758370895e-01
4.476526124462e-04
3.383308538062e-03
2.899339939191e-04
4.909718742197e-01
-3.015029912705e-04
1.853926690099e-01
1.032611960690e-01
-9.103798666082e-05
2.066638644714e-01
3.322173202834e-01
-1.407416022244e-03
-4.069766428382e-01
-7.941283806655e-04
3.935677028338e-03
-1.323161388731e-03
4.061111994198e-01
1.538550441000e-03
3.518002388925e-01
1.288994832763e-01
-9.600911305942e-05
1.934352189309e-01
1.291557128663e-01
3.138740802463e-04
-4.727454697632e-01
3.429902909615e-04
4.019032081123e-03
-1.921541986287e-04
4.735939695857e-01
-5.223578057300e-04
1.534447344639e-01
1.497468506923e-01
-7.571033388769e-05
1.727557054865e-01
1.891736428130e-01
-3.298676898824e-04
-4.889371790112e-01
7.529863798245e-04
3.391459467919e-03
-3.863277825289e-04
4.891107912808e-01
-5.522371722836e-04
1.967963447812e-01
1.730161569402e-01
-1.268572934299e-04
1.534348523558e-01
3.397916851322e-01
-1.561670431798e-03
-3.984945474994e-01
-1.581371994361e-03
3.958956570635e-03
-1.973122664647e-03
4.121300226181e-01
2.742840093932e-03
3.544954168611e-01
1.917666294707e-01
-1.757343277232e-04
1.315312313714e-01
1.329519797428e-01
-8.745076871966e-04
-4.622974905492e-01
1.476934309736e-04
4.045007802722e-03
-1.377168694311e-03
4.801077089936e-01
-8.160522387896e-05
1.494702421902e-01
2.034307791363e-01
4.424342128569e-05
1.044880784506e-01
1.989500508535e-01
-1.133650407704e-03
-4.844081372188e-01
-4.509167787647e-04
3.329645859025e-03
-1.439964365594e-03
4.897816860743e-01
3.378342866989e-04
2.040596048760e-01
2.178258570414e-01
-1.931209043330e-05
7.766977397877e-02
3.482350416780e-01
-1.334439008011e-03
-3.986177527944e-01
-1.368450319128e-03
3.909558126463e-03
-2.358137071122e-03
4.185708017652e-01
1.788574864167e-03
3.488279212831e-01
2.268997005046e-01
-1.435714159990e-04
5.021441489567e-02
1.448010935788e-01
-1.722067447071e-03
-4.564340622454e-01
-2.487163406010e-03
4.001688062232e-03
-2.708847513744e-03
4.800263803987e-01
3.999494921353e-03
1.436922546375e-01
2.279974687791e-01
-3.358145301903e-04
2.113148069347e-02
2.183819534937e-01
-3.211148307017e-03
-4.700510876280e-01
6.344182770441e-04
3.337259962742e-03
-2.657223414933e-03
4.772388533727e-01
1.199142532240e-04
2.181019949365e-01
2.323053264905e-01
-4.992838657227e-04
-8.828640014719e-03
3.728877858276e-01
-5.231120405992e-03
-3.859513373854e-01
4.506010900042e-03
3.983059816457e-03
-3.259147770957e-03
4.010955184904e-01
-3.233669395008e-03
3.583786244116e-01
2.308260125693e-01
-6.638226005941e-04
-3.751047427330e-02
1.519807823295e-01
-5.532949890357e-03
-4.592091023293e-01
5.196814022640e-03
4.071261356534e-03
-2.845165842990e-03
4.760480829552e-01
-2.985582634401e-03
1.337197399125e-01
2.196395329945e-01
-8.130714496303e-04
-6.510770426140e-02
2.041264862432e-01
-3.648557370290e-03
-5.050639414779e-01
2.159497736994e-03
3.389312240320e-03
-2.098038086414e-03
5.104182809240e-01
-2.340658960077e-03
1.980741489209e-01
2.086514932929e-01
-9.329125798657e-04
-9.475000799365e-02
3.243466155498e-01
7.590588751885e-03
-4.563846503454e-01
-1.260838698504e-02
4.309502430997e-03
3.184722322810e-03
4.574833121820e-01
8.481964674148e-03
3.025257778303e-01
1.935963811457e-01
-1.173937162857e-03
-1.200278968773e-01
1.334785437109e-01
2.981373519999e-02
-4.694359005089e-01
-2.864516606226e-02
4.561700265362e-03
1.433984479841e-02
4.677111880511e-01
2.446071360418e-02
1.132558097394e-01
1.802106606372e-01
-1.631985095702e-03
-1.440518736163e-01
4.139838336831e-01
-6.545416669330e-03
-3.126850866653e-01
4.526556571358e-03
3.828232883667e-03
-1.149029429403e-02
3.135617771373e-01
1.058986095117e-02
4.106757575106e-01
1.795924425109e-01
-1.835471754136e-03
-1.801810104675e-01
7.511196397761e-01
-1.493713353602e-01
-1.320136202256e-01
1.030441903701e-01
4.449790483708e-03
-1.142906060342e-01
1.104699733573e-01
-4.246585230977e-02
7.342680011682e-01
1.694021061825e-01
-6.760645790783e-04
-2.097604261471e-01
2.104601679684e-01
-2.467167610582e-01
-4.676194233084e-01
1.517605155024e-01
4.530838426564e-03
-1.722505433741e-01
4.312908445129e-01
-7.254380100658e-02
1.776975041575e-01
1.189136498101e-01
2.338413258043e-03
-1.943861255187e-01
-7.683225643760e-01
-9.758609534599e-03
-1.314307342530e+00
4.226703565226e-02
3.100985126117e-03
3.703571871073e-02
1.285892951659e+00
-8.571209916014e-02
-7.856714542043e-01
3.845509159852e-02
4.993226529679e-03
-1.335407388313e-01
-1.094492573006e+00
5.442461733190e-01
-1.553895640740e+00
-1.400894956085e-01
2.203379416137e-03
4.801859159069e-01
1.594902607824e+00
-1.026008700023e-01
-1.108556535225e+00
-1.632408315172e-05
3.241525685935e-03
-1.327952208704e-01
1.291444692912e+00
5.633388733480e-01
3.833492263251e-01
-1.574368922408e-01
-8.556948751933e-04
4.807801512557e-01
-2.124366577085e-01
-6.622120843752e-02
1.316762288490e+00
6.398277659241e-03
-3.277907003964e-03
-2.743596127878e-01
3.209150930481e+00
-6.355119483812e-02
1.421606077193e+00
-8.111941102444e-02
3.586889966901e-03
-9.628848168530e-02
-1.429455232699e+00
1.879085938112e-01
3.183661043802e+00
-3.566167788464e-03
-8.373298721123e-03
-4.742165112620e-01
3.026874904902e+00
-4.544170341050e-01
1.282677517423e+00
-8.160868464484e-02
1.101803116853e-02
-4.995796748411e-01
-1.258053328269e+00
3.096312776799e-01
2.963403377230e+00
-3.959886019184e-02
-9.344450427830e-03
-4.389372538133e-01
-2.910876134823e+00
-2.703890457572e-01
-3.419464766194e+00
-4.885549550156e-02
8.717392638947e-03
-3.281379299207e-01
3.500340438132e+00
2.051048261981e-01
-2.993772280776e+00
-8.397434218049e-02
-7.058519709967e-03
-2.315718927160e-01
-1.390294676148e+00
-6.364774715053e-02
-2.214379179231e+00
1.523687221295e-02
-2.200797737879e-03
-4.110220844084e-02
2.269872679671e+00
-2.069020099043e-02
-1.423727529757e+00
-1.095460095127e-01
-3.951932246181e-03
-1.466014615849e-01
1.657515744225e-01
4.377390184334e-02
-5.222520686376e-01
6.572457663796e-02
1.345413723769e-04
8.793545769338e-02
5.732246320480e-01
-1.241210353122e-01
9.196084894528e-02
-1.387270289143e-01
-2.238135718869e-03
-1.482302060195e-01
7.162223409972e-01
2.527321695869e-02
4.472764983648e-02
4.738060607950e-02
2.207621377595e-03
5.394381612030e-02
-3.772530249478e-02
-6.995560142393e-02
7.397333667188e-01
-1.701582917673e-01
-1.595283247378e-03
-1.592070080471e-01
4.014852965460e-01
-8.674848965222e-03
-2.111440352362e-01
2.142350058851e-03
3.080721529715e-03
-9.677275537442e-03
2.098665732757e-01
9.627827088430e-03
4.255051351418e-01
-1.951281581001e-01
-1.164219889995e-03
-1.490432951569e-01
2.803203822787e-01
-1.404494384522e-02
-4.150287773819e-01
-1.144205937256e-02
4.308117530353e-03
-2.156209623183e-02
4.276247428165e-01
2.281912831984e-02
3.054263987270e-01
-2.088395914079e-01
-6.821277260084e-04
-1.209069064254e-01
-1.809739471823e-02
-9.442309225029e-03
-6.253403424398e-01
-2.073889860675e-03
4.335568767064e-03
-1.207740400757e-02
6.426351455770e-01
5.884126790673e-03
1.315853484801e-03
-2.131735478115e-01
-2.349699018552e-04
-8.572171209697e-02
8.526076009303e-02
-8.841761434011e-03
-5.835470355402e-01
4.744329843262e-03
3.546577509572e-03
-6.516229633589e-03
5.871325690231e-01
-5.968319177551e-04
8.877736829549e-02
-2.235967861302e-01
1.788968979678e-04
-5.632968980435e-02
3.322028335578e-01
-7.023911592165e-03
-3.969771621501e-01
1.112169927059e-02
4.159303644186e-03
-1.928606539851e-03
4.151375932570e-01
-9.734414355427e-03
3.319350538154e-01
-2.315672808352e-01
4.122928177296e-04
-2.907430930265e-02
1.235549579738e-01
-5.571361628572e-03
-4.585698640824e-01
1.156260501533e-02
4.193987367172e-03
-1.031671205554e-03
4.853125893715e-01
-1.173098161704e-02
1.229440343072e-01
-2.296898289333e-01
4.751644408110e-04
-1.783617758542e-04
1.428478707458e-01
-2.229216087923e-03
-4.941638685543e-01
2.920439858872e-03
3.517421048090e-03
-2.107892938022e-03
5.024812750443e-01
-1.340717329867e-03
1.433046576702e-01
-2.305418056590e-01
5.611079894752e-04
2.932078266482e-02
3.354362808248e-01
-1.084109770721e-03
-3.989198711614e-01
1.077576300043e-03
4.078308527486e-03
-1.395503995512e-03
4.144021883657e-01
-2.575270631854e-04
3.225959902296e-01
-2.266568431706e-01
5.711044230246e-04
5.800760571080e-02
1.219971505058e-01
-2.713022626774e-03
-4.908779355730e-01
3.727266136667e-03
4.155144050930e-03
-1.555788068019e-03
5.091843536431e-01
-4.261374328558e-03
1.033502320061e-01
-2.129448495166e-01
4.974332904661e-04
8.480544474935e-02
1.507127495314e-01
-1.367688303429e-03
-5.082308355356e-01
2.102616282257e-03
3.528799015215e-03
-9.059087644548e-04
5.137987890769e-01
-1.898840844451e-03
1.453871643390e-01
-2.023417274539e-01
4.873100947551e-04
1.128218789102e-01
3.425406280952e-01
6.335654798232e-04
-4.055511275693e-01
3.338918962730e-04
4.078351493701e-03
3.992868329558e-04
4.068231228139e-01
-2.713663285583e-04
3.227267766507e-01
-1.882565758138e-01
4.368161263061e-04
1.379420160403e-01
1.336028427460e-01
-1.250488299864e-03
-4.889244309659e-01
1.447788975920e-03
4.132974500499e-03
-5.516474740618e-04
4.884284486852e-01
-2.050992950988e-03
1.077658527955e-01
-1.660380343746e-01
3.396887398676e-04
1.576316104743e-01
1.598463468154e-01
-1.139667609608e-03
-5.035272230856e-01
1.349463729703e-03
3.499296090699e-03
-5.876080534491e-04
5.036727960976e-01
-1.350634539541e-03
1.520312587115e-01
-1.458072226112e-01
3.185718617342e-04
1.796494459040e-01
3.415961137876e-01
1.528537229774e-03
-4.128224652263e-01
1.623450998376e-05
4.047882657151e-03
1.222087436577e-03
3.997909620581e-01
-2.324597588728e-04
3.267839005631e-01
-1.233141280613e-01
2.786546431035e-04
1.977048153418e-01
1.364950914902e-01
-3.386334099191e-04
-4.946082253819e-01
3.449517240821e-04
4.086212257102e-03
1.514877763945e-04
4.762447817351e-01
-8.583719767025e-04
1.189756974952e-01
-9.544745993012e-02
2.096225845708e-04
2.078451389968e-01
1.671278705542e-01
-9.754770379172e-04
-5.037727274305e-01
6.841588132143e-04
3.461186643041e-03
-6.064617629488e-04
4.983184030635e-01
-4.352744496905e-04
1.615253838703e-01
-6.837904039432e-02
2.150437990837e-04
2.207626457621e-01
3.369041055284e-01
1.448561058719e-03
-4.161420705466e-01
1.846504766939e-04
4.006825451040e-03
1.111854599106e-03
3.966300324069e-01
-3.109212721734e-04
3.357972574578e-01
-4.077385293630e-02
2.051490183112e-04
2.291139042592e-01
1.336761801977e-01
-2.744307509347e-04
-4.928531603771e-01
1.251921549181e-06
4.047101014745e-03
1.277099870598e-04
4.679186006631e-01
-2.229299648058e-04
1.343672558293e-01
-1.124317151949e-02
1.681214122322e-04
2.283044906409e-01
1.724259339132e-01
-6.584996715218e-04
-5.014307686512e-01
-1.907249596893e-04
3.419981151335e-03
-7.825622342909e-04
4.936420465896e-01
4.163495191674e-04
1.724283963185e-01
1.875788377812e-02
1.994358420629e-04
2.302022956832e-01
3.322144608225e-01
9.850207109173e-04
-4.136225686025e-01
1.819006478662e-04
3.949644709727e-03
5.318399933760e-04
3.992242431411e-01
-2.357908842606e-04
3.452396016731e-01
4.749176113509e-02
2.086729375759e-04
2.276090236177e-01
1.303541729134e-01
-5.428058097708e-04
-4.846547852375e-01
-2.309669697289e-04
4.009031362129e-03
-2.926905275257e-04
4.678569322553e-01
3.863472507203e-04
1.482270854968e-01
7.458250376081e-02
1.841160324182e-04
2.160241868452e-01
1.787128605002e-01
-3.783059942724e-04
-4.968024812007e-01
-7.143421598762e-04
3.384388243210e-03
-8.053820807279e-04
4.914123595609e-01
8.372228074510e-04
1.842141311927e-01
1.032293208955e-01
2.204621468539e-04
2.065977715060e-01
3.318379256635e-01
2.923139885743e-04
-4.070854195627e-01
-2.958563472233e-05
3.906839369133e-03
-3.080204304412e-04
4.062506856797e-01
9.797268968968e-05
3.512372112231e-01
1.288928260503e-01
2.222936648254e-04
1.933890862609e-01
1.307802912082e-01
-9.299588877149e-04
-4.723463424091e-01
-5.398793800796e-04
3.978601451400e-03
-9.372044955906e-04
4.731783994318e-01
1.072653413362e-03
1.549133046478e-01
1.497461690038e-01
1.785703014886e-04
1.727018929399e-01
1.876329539607e-01
-4.229059916965e-04
-4.895411408596e-01
-7.977209446444e-04
3.353063707488e-03
-9.410934928270e-04
4.896835957180e-01
7.822072931169e-04
1.951814635419e-01
1.729354951146e-01
1.848770891124e-04
1.533053424633e-01
3.380135576652e-01
-5.119163814557e-04
-3.993039371860e-01
-4.522145858222e-04
3.885739173004e-03
-1.238089884926e-03
4.126484350094e-01
6.784878746241e-04
3.523557646090e-01
1.917378201267e-01
1.428393994479e-04
1.314102974576e-01
1.367231383938e-01
-1.380558863428e-03
-4.613712075268e-01
-8.875798292688e-04
3.964600794447e-03
-1.616011247711e-03
4.788748553451e-01
1.714389219232e-03
1.529681120013e-01
2.032003619006e-01
3.133557275289e-04
1.042469111064e-01
2.012397563088e-01
-2.658388328330e-03
-4.824596707943e-01
-7.162984882937e-03
3.464447067659e-03
-5.261960651771e-03
4.879279518332e-01
8.766930661817e-03
2.063563931788e-01
2.176020042145e-01
3.077431730224e-04
7.747216033514e-02
3.468812244516e-01
1.316795251936e-03
-3.998443252348e-01
-4.175881403950e-03
4.501288765145e-03
-2.901638158695e-03
4.195547627803e-01
3.636983239205e-03
3.469144140259e-01
2.265733823154e-01
1.860013416909e-04
4.994474492071e-02
1.432826524864e-01
-2.711168241466e-03
-4.582169420027e-01
-4.989708687417e-03
4.193712061034e-03
-3.384034596293e-03
4.805739848760e-01
6.462714115695e-03
1.419161109888e-01
2.278257883686e-01
-6.561838683828e-05
2.087030036097e-02
2.260706433109e-01
-1.376421267850e-03
-4.657795617428e-01
-6.970730831689e-03
3.476060798329e-03
-3.830514557991e-03
4.728977564855e-01
8.478056716975e-03
2.257381790732e-01
2.325829630842e-01
-1.635942765419e-04
-9.048442421521e-03
3.783010383182e-01
-2.133330692507e-03
-3.833420242952e-01
2.354124539887e-03
4.583312680059e-03
-2.655593633747e-03
3.981729707267e-01
-3.302818714161e-03
3.636207304600e-01
2.311692712967e-01
-3.225031734743e-04
-3.773336141336e-02
1.479495506979e-01
-6.622771590221e-03
-4.610753280999e-01
4.220499125598e-03
4.455356372181e-03
-2.465150590349e-03
4.773994549081e-01
-1.944225351009e-03
1.299055116512e-01
2.195869395272e-01
-5.347000578839e-04
-6.523162016325e-02
1.979604820945e-01
1.035686509667e-03
-5.098867287646e-01
-4.981674719749e-03
3.584640047828e-03
-2.225102383600e-04
5.157904751227e-01
4.090610936240e-03
1.910697117578e-01
2.072714396348e-01
-5.618889020449e-04
-9.436445943527e-02
2.912273239038e-01
1.550653272078e-02
-4.761066382496e-01
-2.237359749502e-02
5.253819057744e-03
5.572517302299e-03
4.755472208822e-01
1.314595355634e-02
2.669712942249e-01
1.907392521054e-01
-7.822003553320e-04
-1.187038845881e-01
1.163318082859e-01
3.980480039944e-02
-4.748055744997e-01
-4.230926033740e-02
5.288826033083e-03
1.855106904143e-02
4.696944690852e-01
3.490193522816e-02
9.795066992833e-02
1.802385973671e-01
-1.304534569157e-03
-1.448489268079e-01
5.391272295213e-01
4.810581441692e-03
-2.491425022800e-01
-7.267093134905e-03
4.786584333448e-03
-5.604044375459e-03
2.500409727759e-01
1.833282382468e-02
5.379842779211e-01
1.884217061464e-01
-1.433388849944e-03
-1.896846189938e-01
9.913377345313e-01
-1.630726010628e-01
-1.406227438929e-02
1.181294461821e-01
5.343150581814e-03
-1.228622212517e-01
-1.618414760104e-03
-5.794464491186e-02
9.669428918775e-01
1.826699398010e-01
-2.961816572902e-04
-2.245370033368e-01
1.748119739937e-01
-2.897298975245e-01
-4.926800129274e-01
1.816568999563e-01
5.462915861715e-03
-1.976734274005e-01
4.485206847404e-01
-8.293788553151e-02
1.231894902430e-01
1.223898982447e-01
2.642642688466e-03
-1.906338668586e-01
-1.357780219664e+00
-8.063266782244e-03
-1.615235756130e+00
5.001200368701e-02
2.732743039456e-03
5.016026959345e-02
1.575854074507e+00
-8.884861877941e-02
-1.381798011238e+00
2.344352158566e-02
5.295325709909e-03
-8.534125180354e-02
-1.894487055935e+00
8.140743675757e-01
-1.928677465783e+00
-2.467352250584e-01
9.593238066490e-03
7.016150173387e-01
1.976944907821e+00
-7.515737571994e-02
-1.867213028098e+00
-1.591578422499e-02
3.599976233386e-03
-7.941995897293e-02
2.044565129265e+00
9.906397149253e-01
7.599765321511e-01
-2.615755018944e-01
1.046646852358e-02
9.420480542663e-01
-5.755796836563e-01
-1.820747132895e-01
2.014253321480e+00
-8.511503618250e-04
-2.752617563844e-03
-2.800057039159e-01
4.046027210874e+00
-2.801910908420e-02
1.797939737659e+00
-9.426836443869e-02
1.495570210973e-02
-3.998961985655e-02
-1.834184553835e+00
1.436643207397e-01
4.047150143518e+00
-7.103041810252e-03
-6.941461039866e-03
-5.014434602796e-01
2.856452141030e+00
-1.821110329921e-01
1.241801962111e+00
-1.618532858859e-02
3.461895395582e-02
-2.231715544740e-01
-1.277781413844e+00
1.816179114775e-01
2.913288952351e+00
-3.759434526808e-02
-8.217863657727e-03
-4.583473988110e-01
-3.091487822845e+00
-1.305876204263e-01
-3.646029680645e+00
1.250738070172e-01
3.188344392284e-02
-1.841258910476e-01
3.654015016308e+00
9.325944217967e-02
-3.136750644554e+00
-8.222445207717e-02
-6.871527008262e-03
-2.343415128382e-01
-1.612103747897e+00
-3.817669162942e-02
-2.419279148712e+00
2.679546082427e-02
8.181023827181e-03
-1.062487723501e-02
2.459663369845e+00
-1.994522518800e-02
-1.632380893350e+00
-1.048687842130e-01
-3.599066779357e-03
-1.393360725595e-01
1.194854188093e-01
2.331501268617e-02
-5.424183089027e-01
6.049995046241e-02
1.033456495957e-02
9.189322934612e-02
5.969417790715e-01
-1.410261922325e-01
3.744358894279e-02
-1.349734488321e-01
-1.952012964978e-03
-1.434632032020e-01
8.304836075688e-01
1.857305327252e-02
1.116829734984e-01
4.823738822359e-02
3.886410891294e-03
6.250207989355e-02
-1.057328536692e-01
-8.579313046809e-02
8.475031648607e-01
-1.699461525196e-01
-1.353687412200e-03
-1.598556977211e-01
4.678384454163e-01
-4.929674026783e-03
-1.684252371197e-01
3.819639847322e-03
2.954889025963e-03
-7.716742056390e-03
1.684159077506e-01
4.749377251966e-03
4.919700492509e-01
-1.961037745967e-01
-8.332087596107e-04
-1.511909811299e-01
2.714621965697e-01
-1.811513869832e-02
-4.215797458989e-01
-1.251886626283e-02
4.168024920695e-03
-3.208256340715e-02
4.357312508458e-01
3.269666062202e-02
2.937030478478e-01
-2.090582740646e-01
-3.457971062237e-04
-1.220566472892e-01
-3.756573290854e-02
-6.932187364070e-03
-6.425770487115e-01
-4.167388127651e-03
3.846805390765e-03
-1.764258036091e-02
6.579894852053e-01
1.151000872237e-02
-2.166622282242e-02
-2.126098393581e-01
4.367099867138e-05
-8.607272399953e-02
7.904609344013e-02
-6.574872783742e-03
-5.890531718461e-01
1.169165281067e-02
3.490007785864e-03
-8.036733362836e-04
5.913131928639e-01
-1.032987950645e-02
8.196696662176e-02
-2.225745944005e-01
5.152299915356e-04
-5.637758243524e-02
3.249850416543e-01
-1.102396647033e-02
-4.027355163322e-01
1.447769788175e-02
4.484582783694e-03
1.241727072234e-03
4.191310272984e-01
-1.313218177889e-02
3.233827479693e-01
-2.305459152464e-01
7.468997263705e-04
-2.904512343093e-02
1.300679234974e-01
-4.793771927921e-03
-4.557325488212e-01
1.299360153548e-02
4.132417863308e-03
1.237618876417e-03
4.799746449708e-01
-1.337616653151e-02
1.297080010169e-01
-2.292117382483e-01
7.573101585709e-04
-2.540731754486e-04
1.530093187081e-01
-3.543931373060e-03
-4.873718201190e-01
1.114728269507e-02
3.595935066314e-03
2.085578079266e-04
4.957817683006e-01
-1.071122538774e-02
1.535667940144e-01
-2.303377234757e-01
9.011924382205e-04
2.918033531396e-02
3.336482978806e-01
-4.819161801105e-03
-4.005421279847e-01
4.254396916043e-03
4.677463634307e-03
-1.854575065269e-03
4.152582319763e-01
-9.763955979349e-04
3.204143194633e-01
-2.262382824279e-01
9.131017523576e-04
5.789793661723e-02
1.175296264533e-01
-2.264938584270e-03
-4.942628860446e-01
5.680946407163e-03
4.362855729165e-03
-1.324876497355e-03
5.112850226299e-01
-6.312949733686e-03
9.953371593539e-02
-2.125043653086e-01
7.851124553549e-04
8.470260675317e-02
1.562867873013e-01
-6.534259777333e-03
-5.049357111352e-01
1.095519695118e-02
3.737683782570e-03
-2.433127417751e-03
5.105816735935e-01
-1.008742812826e-02
1.506884328469e-01
-2.021673569221e-01
8.339808802941e-04
1.127658114203e-01
3.449565339407e-01
-4.265361364577e-03
-4.046824579699e-01
4.320534884234e-03
4.841518361844e-03
-1.628635875606e-03
4.056602019107e-01
-3.372237753454e-04
3.248327571051e-01
-1.879961325483e-01
7.822668299886e-04
1.378448555499e-01
1.278730525639e-01
-2.414120364161e-03
-4.918601379352e-01
4.061098173241e-03
4.503289256561e-03
-1.678239831580e-03
4.907924648875e-01
-4.553682905063e-03
1.025910537027e-01
-1.657057533806e-01
6.266337690103e-04
1.574372242995e-01
1.636935724308e-01
-8.971009575068e-03
-5.011844262123e-01
8.488874162363e-03
3.764151055886e-03
-5.745319586629e-03
5.009213407875e-01
-6.677886689331e-03
1.555318544086e-01
-1.457079493143e-01
6.652879911727e-04
1.795899540138e-01
3.454467292423e-01
-3.283170722594e-03
-4.114285485746e-01
2.773381299644e-03
4.856723257572e-03
-2.669946724383e-03
3.978744728175e-01
1.391269738803e-03
3.303452657949e-01
-1.231771878736e-01
6.222733379334e-04
1.975903824579e-01
1.300893617453e-01
-2.836702622678e-03
-4.975924454156e-01
2.235729279552e-03
4.527906536120e-03
-2.503860494978e-03
4.789054053763e-01
-2.782768383963e-03
1.132771198302e-01
-9.526495411367e-02
4.931687172507e-04
2.075677189471e-01
1.698724502042e-01
-1.014614907609e-02
-5.019980885353e-01
4.786218942879e-03
3.722251868902e-03
-8.181382863400e-03
4.958226299340e-01
-2.101811815201e-03
1.646863233319e-01
-6.834307198286e-02
5.586500173977e-04
2.206763990946e-01
3.405249315787e-01
-2.084616642064e-03
-4.149103842279e-01
1.011825629027e-03
4.791145118919e-03
-3.313164370823e-03
3.948088798281e-01
2.893928036069e-03
3.396579242132e-01
-4.072424578008e-02
5.455712839394e-04
2.289649872467e-01
1.273418780360e-01
-3.333242499875e-03
-4.953888722786e-01
6.072907940457e-04
4.442862374460e-03
-3.060059492443e-03
4.707557372489e-01
-9.844695072853e-04
1.287159544460e-01
-1.121572581069e-02
4.473140458955e-04
2.279892318634e-01
1.749620285170e-01
-9.726405570819e-03
-4.994502937723e-01
8.791013058793e-04
3.671105582977e-03
-9.149718485317e-03
4.913856508711e-01
2.287797599002e-03
1.753514455732e-01
1.872486857658e-02
5.371237703553e-04
2.300862825578e-01
3.348779457534e-01
-8.010882494951e-04
-4.126753331261e-01
-7.872695795911e-04
4.732557045021e-03
-3.592959555228e-03
3.981014030043e-01
3.852654405549e-03
3.484272053574e-01
4.745489774323e-02
5.446296084636e-04
2.274199927656e-01
1.249264911550e-01
-3.704705564330e-03
-4.867309060325e-01
-9.974437633306e-04
4.342023036963e-03
-3.465188602792e-03
4.706941927224e-01
9.460341806932e-04
1.429021108799e-01
7.447441362993e-02
4.595567079428e-04
2.157157458508e-01
1.813534360405e-01
-7.886935431193e-03
-4.945476068616e-01
-2.808345196774e-03
3.612590866520e-03
-8.766437669649e-03
4.891159815747e-01
5.910418391295e-03
1.871721390472e-01
1.031311924477e-01
5.524404349724e-04
2.064626461111e-01
3.335459915691e-01
4.797948432498e-04
-4.064367897611e-01
-2.286152939955e-03
4.646752508862e-03
-3.277998137277e-03
4.059263172442e-01
4.075468044104e-03
3.532392116500e-01
1.287731198715e-01
5.536963670002e-04
1.931762978195e-01
1.268343566039e-01
-3.540726670903e-03
-4.742487003624e-01
-2.396532343617e-03
4.247480794639e-03
-3.375278091854e-03
4.755785179963e-01
2.670171093732e-03
1.502630696745e-01
1.495466620405e-01
4.505448328678e-04
1.724272702129e-01
1.902520787271e-01
-5.263395072448e-03
-4.871560588792e-01
-5.657219315053e-03
3.539400427859e-03
-7.298364972371e-03
4.874079613119e-01
8.180666366113e-03
1.979648092844e-01
1.727859760310e-01
5.123087530652e-04
1.531568025734e-01
3.389705280266e-01
1.282154116779e-03
-3.990661665415e-01
-3.201051954852e-03
4.551345718378e-03
-2.710443944709e-03
4.126926233530e-01
3.639774652655e-03
3.530002761792e-01
1.915588827886e-01
4.707003944220e-04
1.311953812198e-01
1.345030030323e-01
-3.116377057572e-03
-4.632658404766e-01
-3.179854004781e-03
4.175687205757e-03
-2.848002000492e-03
4.803083785793e-01
3.698839113254e-03
1.498421902556e-01
1.579082261577e-01
-4.107980992105e-05
1.014543421030e-01
-1.244427628172e-01
1.270709002812e-02
-7.251494111427e-01
-5.927864500529e-03
-2.020669276087e-04
9.254656289147e-03
7.219012036165e-01
-6.169400686677e-04
-1.264416725752e-01
9.065231170642e-02
-3.891319775876e-06
1.336169057990e-01
-7.326837539004e-01
1.838287390732e-03
-1.060306102639e+00
-5.093469390235e-04
2.500874019430e-04
4.360279634408e-03
1.073444533349e+00
-5.811105646277e-03
-7.272182840508e-01
4.331837018217e-02
-5.123544418285e-10
1.382814718939e-01
6.194078829427e-01
9.721987254695e-10
-2.056085797679e-01
-1.983117859891e-03
4.961604636554e-04
-9.929349312523e-03
2.408751366375e-01
2.282414829967e-03
6.339947742527e-01
1.578465156843e-01
-6.424628311437e-05
1.018008000202e-01
-1.272662025567e-01
-1.509613428563e-03
-7.251423108188e-01
1.701240489532e-03
-9.515174030162e-05
-4.896044512337e-04
7.254532766823e-01
-6.449975046403e-04
-1.273082320727e-01
9.062480167324e-02
-1.617160825233e-05
1.338154019400e-01
-7.293998067331e-01
2.173466757125e-03
-1.057845703030e+00
-4.307826601318e-04
-1.327451015363e-04
1.706504460493e-03
1.071620825108e+00
-3.633201513157e-04
-7.238351601415e-01
4.331837047407e-02
-4.976151490136e-11
1.382814715091e-01
6.194160279459e-01
9.721874984984e-10
-2.054966860798e-01
2.386505954771e-04
-1.810439211850e-04
-6.553520502686e-04
2.407000739438e-01
4.053480226822e-04
6.351717767015e-01
1.578516082317e-01
-6.364208475290e-05
1.017758335713e-01
-1.279412030641e-01
1.151848442165e-03
-7.253354957408e-01
-1.515747364807e-03
-3.628774314850e-05
-1.152839542334e-04
7.256126183798e-01
-1.668992499217e-04
-1.280057269585e-01
9.062790663355e-02
-4.387149699885e-05
1.338172222774e-01
-7.293661938415e-01
-2.050603253936e-03
-1.057748073166e+00
6.287015484119e-04
-1.698336332716e-04
-1.632206783606e-03
1.071581965573e+00
-5.331876417446e-04
-7.237985950616e-01
4.331836953238e-02
-4.976151490136e-11
1.382814714327e-01
6.194189680462e-01
9.721869059125e-10
-2.054777419174e-01
-6.521753842677e-05
-8.844593334368e-05
6.788285980020e-04
2.407647419922e-01
-1.014733796221e-03
6.351833480848e-01
1.579470681037e-01
-8.008427567375e-05
1.013885561974e-01
-1.265687016198e-01
-1.298987895006e-02
-7.257044411855e-01
6.612162371013e-03
-9.861006518323e-06
-9.669514078795e-03
7.224305316229e-01
-1.743675636064e-04
-1.286372401707e-01
9.068553520874e-02
-5.455038382009e-05
1.336311391042e-01
-7.325445615617e-01
-1.657296412285e-03
-1.060040376481e+00
1.459825532211e-03
9.181798975164e-05
-4.031220618574e-03
1.073429957114e+00
4.823753555721e-03
-7.271614241709e-01
4.331836920749e-02
2.586337697167e-10
1.382814716647e-01
6.193523473803e-01
9.721951654807e-10
-2.053410957352e-01
8.560600832056e-04
6.720017219399e-04
9.727814886596e-03
2.416748870373e-01
-2.797466606408e-03
6.342221796708e-01
1.848747027685e-01
-2.772270648272e-04
3.479249398255e-02
-1.046572578609e-01
4.710696350261e-03
-7.134264384649e-01
-1.888903013486e-04
-1.480331637308e-04
4.608604426281e-03
7.093518343130e-01
-4.635298533945e-03
-1.036410917952e-01
1.350197844210e-01
-1.005696543504e-04
8.884742422964e-02
-7.135599984443e-01
-6.212356635960e-03
-1.059728000987e+00
3.370379368005e-03
7.510167662591e-04
-2.712683335842e-03
1.071844334458e+00
-5.004581498917e-03
-7.171138540114e-01
9.294000676229e-02
-5.022155161165e-10
1.111593850399e-01
6.208885631244e-01
9.721408365962e-10
-2.086828966775e-01
-8.390961798557e-03
4.565381868654e-04
-6.991717661880e-03
2.460432768265e-01
2.949411736986e-03
6.161090963484e-01
1.850705054683e-01
-2.949929718663e-04
3.474443355667e-02
-1.056054749554e-01
-5.941966324864e-03
-7.129282410952e-01
2.591082429388e-03
-9.598127777172e-05
-4.634329055515e-03
7.132248749829e-01
-3.468422296424e-04
-1.057344469004e-01
1.351677576601e-01
-1.023136408335e-04
8.877540081554e-02
-7.134921600675e-01
5.735613684233e-04
-1.058504940138e+00
1.062815707656e-03
2.235200995081e-05
5.131720575718e-04
1.072232186835e+00
-2.447966377695e-03
-7.176103349265e-01
9.294000612901e-02
-4.251166949620e-10
1.111593845009e-01
6.207760939582e-01
9.721376096167e-10
-2.082980867480e-01
8.775430901157e-04
-2.709134649775e-04
8.518047918634e-05
2.484277575736e-01
-8.498200486839e-04
6.146491690957e-01
1.851745614301e-01
-2.983463305549e-04
3.440017000781e-02
-1.068683842273e-01
-4.090670043685e-03
-7.133190955984e-01
4.519240925509e-05
-5.270966983133e-05
-3.985475476464e-03
7.139609138388e-01
-4.272426460882e-04
-1.071927147838e-01
1.352380113320e-01
-1.347696190837e-04
8.861947101296e-02
-7.163657703092e-01
-5.369621285708e-03
-1.059625320035e+00
1.206655253245e-03
-4.636100191306e-04
-4.460193861996e-03
1.074323605272e+00
1.897603952960e-04
-7.211637255040e-01
9.294000580411e-02
3.458715165833e-10
1.111593853497e-01
6.207278162983e-01
9.721359441851e-10
-2.081279937931e-01
7.246425316099e-04
1.920104015667e-05
-1.525979512320e-04
2.493018934531e-01
-9.368170423778e-04
6.139702834965e-01
1.852509659450e-01
-3.233078558682e-04
3.371059760396e-02
-1.077592312522e-01
-1.580314629543e-02
-7.142353461836e-01
4.506970623249e-03
-7.000584659579e-05
-1.441844787691e-02
7.111489541872e-01
4.289055897564e-03
-1.069658690089e-01
1.353224600011e-01
-1.505237661311e-04
8.832037585203e-02
-7.225258148582e-01
-3.032531266331e-04
-1.063131137104e+00
2.245161538667e-03
-3.264903799941e-04
-2.876467043858e-03
1.078306176703e+00
2.344919839062e-03
-7.274505522956e-01
9.294000486243e-02
1.916738742742e-10
1.111593852733e-01
6.207198185487e-01
9.721351087866e-10
-2.080839204104e-01
-3.414127873102e-04
5.417087155076e-04
7.710451313546e-03
2.512296925550e-01
-4.807802019826e-03
6.129308244281e-01
1.835004293756e-01
-5.769110721447e-04
-3.588681820700e-02
-9.137433273364e-02
3.227264998741e-03
-7.120251741986e-01
6.145823420071e-03
-9.870026568370e-05
5.707445602086e-03
7.097957528169e-01
-1.055093096380e-02
-8.689464952173e-02
1.581793951782e-01
-2.141215604777e-04
3.150665726072e-02
-6.947302521655e-01
-1.120601855381e-02
-1.031512130949e+00
5.117688241809e-03
1.358805890147e-03
-8.543109030444e-03
1.037878505207e+00
-1.967007153127e-03
-7.026626491314e-01
1.284052470310e-01
1.190085622379e-10
6.711246642186e-02
6.244738166472e-01
9.719996390627e-10
-2.150636252176e-01
-1.585548238877e-02
6.355672997529e-04
-1.066591865126e-03
2.417303066784e-01
4.533833377459e-03
6.044132113950e-01
1.839939068499e-01
-5.815210980069e-04
-3.571766462002e-02
-8.923026716046e-02
-1.669401093658e-03
-7.120010709056e-01
4.654080471819e-03
-6.184709868197e-05
6.503404067158e-04
7.116792343011e-01
-5.864322690600e-03
-8.901496610490e-02
1.584721771437e-01
-2.011349093240e-04
3.139418087535e-02
-6.882826053688e-01
9.581165679121e-04
-1.029107240116e+00
3.723885023804e-03
3.587952212345e-04
3.274504669815e-03
1.036543054183e+00
-6.804344150238e-03
-6.989918077521e-01
1.284052467061e-01
-4.977820069983e-10
6.711246634546e-02
6.246340812164e-01
9.719919721118e-10
-2.156433402203e-01
2.200705685485e-03
-3.166790535788e-04
1.023433593707e-03
2.455859518074e-01
-1.939280437988e-03
5.999781222342e-01
1.842557812635e-01
-5.838122278535e-04
-3.557637434464e-02
-8.937061371720e-02
5.880784120648e-04
-7.122979631325e-01
1.941452218921e-03
-9.207137748510e-05
2.930446958554e-03
7.124267974696e-01
-7.071581745741e-03
-9.000303072275e-02
1.586325613310e-01
-2.342151747879e-04
3.144167372304e-02
-6.831392778642e-01
-4.569495548689e-03
-1.026727575919e+00
1.163980897734e-03
-6.903329852880e-04
-2.578600719014e-03
1.035010092318e+00
-3.228537879295e-04
-6.962921996203e-01
1.284052473064e-01
-3.518908007116e-11
6.711246657746e-02
6.248537270924e-01
9.719979375938e-10
-2.163618093158e-01
9.551915795883e-04
1.873264177445e-04
-2.470844852276e-03
2.466946168848e-01
1.921285591769e-03
5.976267245499e-01
1.843589468812e-01
-6.203151249605e-04
-3.551789855121e-02
-9.135436144446e-02
-4.526683534581e-03
-7.134043429737e-01
2.238549570319e-03
-2.036378580319e-04
-3.505497041910e-03
7.110292347618e-01
-1.689397140069e-03
-8.901527319565e-02
1.587838188404e-01
-2.567196327170e-04
3.150641590059e-02
-6.801244696104e-01
4.591092559675e-03
-1.025419816010e+00
4.795410984257e-03
-7.572905126263e-04
4.662742395955e-03
1.032845837278e+00
-5.359720101167e-03
-6.957384941658e-01
1.284052472899e-01
2.732062045469e-10
6.711246634686e-02
6.254722281288e-01
9.720273060196e-10
-2.183538870126e-01
-9.329925020982e-04
2.949926086984e-04
9.302176776189e-03
2.481990154936e-01
-4.665139359187e-03
5.945778024906e-01
1.596225378549e-01
-9.808800486719e-04
-1.062989345700e-01
-7.049639573500e-02
-3.237550794253e-02
-6.720939312694e-01
-3.641540724251e-02
1.168890609001e-03
-4.605291754945e-02
6.715196194449e-01
5.719765513958e-02
-6.298654774465e-02
1.598891631988e-01
-3.378874098511e-04
-3.364431445109e-02
-6.752965370382e-01
-2.965961052520e-02
-1.118426094631e+00
-2.303614810133e-02
2.494571115036e-03
-4.136682879222e-02
1.114195859114e+00
3.677327139657e-02
-6.819644443477e-01
1.443148327775e-01
-2.801700092020e-10
1.284645755427e-02
6.285753845982e-01
9.718022463937e-10
-2.217771988417e-01
-2.337272478188e-02
1.403541857588e-03
7.001784998305e-03
2.303475896863e-01
3.523387627756e-03
6.016957102404e-01
1.568248025049e-01
-9.498045383318e-04
-1.103715532176e-01
-6.072585713615e-02
-3.498589193788e-02
-6.720127514248e-01
-3.541466827147e-02
-4.983068479533e-05
-5.216370842519e-02
6.727752410689e-01
6.317231564329e-02
-6.234552234856e-02
1.583469402802e-01
-2.985156433093e-04
-3.600664757174e-02
-7.238744973712e-01
-1.531866992392e-02
-1.141532156206e+00
-1.411985410459e-02
6.580998338382e-04
-2.229896216497e-02
1.141396410828e+00
1.946196951240e-02
-7.399897699501e-01
1.443148312190e-01
1.824229177252e-10
1.284645855724e-02
6.296277154617e-01
9.718007992792e-10
-2.248869255886e-01
8.158108336084e-03
-2.474762324924e-04
2.639250296944e-03
2.362995717669e-01
-1.510755639396e-02
5.894990230892e-01
1.538751477157e-01
-9.797136060654e-04
-1.147404549550e-01
-5.995426252240e-02
-3.631820360201e-02
-6.740459224635e-01
-3.911766672690e-02
-5.409721166109e-04
-5.669286338495e-02
6.727080448987e-01
6.858053083486e-02
-6.428863351538e-02
1.568582071724e-01
-3.623744825431e-04
-3.824679840885e-02
-7.826878049184e-01
-2.025840216634e-02
-1.176694363431e+00
-2.210931287782e-02
-2.074054238000e-03
-3.486685321409e-02
1.171172587255e+00
3.601442134055e-02
-8.042336343974e-01
1.443148296606e-01
7.992134869614e-10
1.284645863503e-02
6.311434570108e-01
9.718241630456e-10
-2.289858661009e-01
-1.839736090169e-03
3.245416484595e-04
-7.679941109493e-03
2.354789956545e-01
-5.888513325526e-04
5.849643256479e-01
1.504303743687e-01
-1.087561477569e-03
-1.198952123981e-01
-5.522338276708e-02
-4.611218357616e-02
-6.690285848418e-01
-4.409337295228e-02
-1.417029971202e-03
-7.684378939191e-02
6.710798952372e-01
8.801992422553e-02
-5.851896904819e-02
1.551843639967e-01
-4.430821763159e-04
-4.095777592245e-02
-8.436217713350e-01
-1.610933667280e-02
-1.212363889044e+00
-1.605430560733e-02
-2.452693415006e-03
-3.375601131088e-02
1.209886318890e+00
3.128555275953e-02
-8.713363890948e-01
1.443148318028e-01
4.908182023433e-10
1.284645932963e-02
6.339906305680e-01
9.718851855931e-10
-2.365502507926e-01
-5.570560822336e-03
-3.992018368115e-04
2.101014612812e-02
2.384978916298e-01
-1.783354918971e-02
5.757266493733e-01
1.002707742887e-01
7.752281517101e-04
-1.433307545548e-01
-6.454239466589e-03
4.302230728565e-03
-7.390402478972e-01
3.130900857582e-01
-3.180992550497e-03
1.489885231399e-01
7.368378008866e-01
-3.925539304878e-01
-2.509871026583e-02
1.308278957913e-01
1.855815778951e-04
-8.350354114879e-02
-7.477028595776e-01
-2.390123527127e-03
-8.516989439548e-01
1.475887507550e-01
-1.241163609268e-03
6.601471710554e-02
8.406083692575e-01
-1.577512326741e-01
-7.792166326547e-01
1.382466694289e-01
-2.445278892704e-10
-4.337712795207e-02
6.315884963464e-01
9.718154534544e-10
-2.379841354533e-01
-3.158046720631e-02
-1.108382023722e-03
-8.472670986094e-03
2.226725812499e-01
6.089542211633e-02
5.920716704894e-01
1.248560912698e-01
7.768039946844e-04
-1.308785480487e-01
-2.663968893396e-02
5.708697391858e-03
-7.411964716966e-01
3.060027905789e-01
1.149715144272e-03
1.594578602365e-01
7.382777699082e-01
-3.944246598643e-01
-1.887262078843e-02
1.433391209261e-01
1.597571836639e-04
-7.737298264678e-02
-4.675622774497e-01
1.442848432069e-03
-7.069980211460e-01
1.650812848919e-01
6.638059047702e-04
8.554411761981e-02
6.934126707287e-01
-1.826181328351e-01
-4.682035428587e-01
1.382466687956e-01
6.386739534765e-11
-4.337712818267e-02
6.285986985492e-01
9.716919193885e-10
-2.284001500568e-01
1.493465400965e-02
1.325623834178e-05
1.904617332683e-02
2.222602064328e-01
1.389345484121e-02
6.167525181894e-01
1.488845945434e-01
9.189116147716e-04
-1.177997179999e-01
-1.774907387645e-02
6.789908606812e-03
-7.357024098525e-01
2.969459051448e-01
8.250454426636e-04
1.670204146264e-01
7.437795890989e-01
-3.894712327618e-01
-1.608192948977e-02
1.554056013314e-01
2.418162439054e-04
-7.083836569266e-02
-1.361792125749e-01
1.697436054850e-03
-5.258079076974e-01
1.367408525564e-01
4.183651900639e-03
7.974163049836e-02
5.286588677796e-01
-1.559716797569e-01
-1.428350160870e-01
1.382466697043e-01
3.722626799658e-10
-4.337712748808e-02
6.251555494807e-01
9.716572016457e-10
-2.202745962090e-01
-2.478756691353e-02
-2.282293362128e-04
-1.173123684889e-02
2.322544511841e-01
7.158872329761e-02
6.148082573158e-01
1.750921502927e-01
1.045198796604e-03
-1.024729616127e-01
-4.961606193462e-02
1.507777152828e-02
-7.487772839811e-01
3.546233697764e-01
3.598970628370e-03
2.230327659855e-01
7.579816316373e-01
-4.727975833771e-01
-2.180148980364e-02
1.692266401841e-01
4.020815843441e-04
-6.268098424245e-02
1.637397869775e-01
8.085110462583e-03
-3.517883390849e-01
2.038671058570e-01
5.152232105203e-03
1.320149187768e-01
3.443859230799e-01
-2.422449615230e-01
1.981255543491e-01
1.382466693794e-01
6.806579645839e-10
-4.337712710189e-02
6.197678702618e-01
9.716667289745e-10
-2.085426717738e-01
6.261748249322e-02
3.196578630514e-03
-3.492138095393e-02
2.193070000559e-01
1.047122301245e-02
6.554469728291e-01
1.214999479510e-01
1.813681301076e-03
-2.522823341171e-01
-2.465929095994e+00
4.393438057786e-01
-1.378992359175e+00
-1.113117931180e+00
9.617688160146e-03
-3.038758419549e-02
1.367035156770e+00
1.192032596167e+00
-2.410947470018e+00
1.795495048422e-01
1.836428953397e-03
-1.730912270161e-01
1.868902289152e+00
2.676309147966e-01
-1.301709071421e+00
-6.305575591959e-01
1.528400561133e-03
-3.521309386527e-02
1.230474718754e+00
5.494382484941e-01
1.866807073471e+00
1.111245824207e-01
-3.962818368667e-10
-9.299876391541e-02
6.455856278072e-01
9.697592623218e-10
-2.229638868635e-01
3.397847338675e-02
1.245250429514e-02
1.027288623871e-01
1.128163799892e-01
-1.237102125853e-01
6.767763097474e-01
3.929915128509e-02
2.204193212135e-03
-2.588136681009e-01
-2.368999264329e+00
3.612559490974e-01
-1.393871247900e+00
-9.431074885861e-01
6.981053665881e-03
-1.053169140069e-01
1.305303753250e+00
1.026503180964e+00
-2.405289303370e+00
1.359436956709e-01
2.201965362771e-03
-1.765203136751e-01
1.053599934145e+00
2.244971243186e-01
-1.834947496096e+00
-4.770847801866e-01
4.967417637872e-03
-5.974440861470e-02
1.680013111091e+00
4.180846197699e-01
9.269549623719e-01
1.111245820958e-01
5.289040169876e-10
-9.299876383761e-02
6.520014601993e-01
9.700867998001e-10
-2.414018020984e-01
1.030428067382e-02
3.317514760966e-03
1.146779931138e-02
1.132883920223e-01
-1.115042391135e-01
5.723482976247e-01
-2.181155497109e-02
2.280324564504e-03
-2.676415292618e-01
-2.365503263963e+00
1.897953569005e-01
-1.383972093403e+00
-5.881923227904e-01
-5.148224232204e-03
-1.068646886018e-01
1.280839534891e+00
6.553608118126e-01
-2.363802261361e+00
1.045483818320e-01
2.418779684823e-03
-1.809016522798e-01
3.137226013771e-01
1.672831202971e-01
-2.319806172816e+00
-3.094846325641e-01
7.223579880645e-03
-4.454569575549e-02
2.132823920659e+00
2.833974166232e-01
2.157374368792e-01
1.111245828503e-01
5.289040169876e-10
-9.299876468500e-02
6.550938420881e-01
9.700173469875e-10
-2.445673602781e-01
6.123214977295e-03
-3.062888418201e-03
-5.695023716063e-03
8.865536500106e-02
-1.034656441138e-01
5.841279169909e-01
-6.890901064024e-02
2.292192373038e-03
-2.762672928425e-01
-2.300434261192e+00
2.102107849576e-01
-1.343571506129e+00
-5.972041907556e-01
4.395467059292e-03
-1.292384052316e-01
1.241567157141e+00
6.579561518500e-01
-2.313571466586e+00
8.045346028052e-02
2.631339664850e-03
-1.849420274148e-01
-1.491181320985e-01
1.666816196444e-01
-2.707718683471e+00
-2.686093757469e-01
1.116542653556e-02
-2.753605394026e-02
2.479483344966e+00
2.525146170227e-01
-2.734938690813e-01
1.111245826796e-01
9.914969439147e-10
-9.299876399041e-02
6.545936529880e-01
9.695609075589e-10
-2.312761704387e-01
-7.518465569388e-02
-6.348762918192e-03
-1.389347461786e-01
8.948316436526e-02
-4.532456475974e-02
5.374926013155e-01
1.439759869881e-02
-3.496858729377e-03
-1.653964754578e-01
-7.295187145071e-01
-4.072048025481e-01
-1.386805067192e+00
4.210864008747e-01
2.434250950518e-03
-2.251370680056e-01
1.342773229955e+00
-3.471287164298e-01
-7.144157324955e-01
7.360056987523e-02
-1.043897463157e-03
-1.517026942199e-01
-5.353195555234e-02
-1.673399830717e-01
-1.437897209536e-01
2.102283610137e-01
6.571322691060e-03
-9.939800148982e-02
7.618155471594e-02
-1.493283353841e-01
-7.660712824782e-03
6.707766364846e-02
-1.190133131225e-10
-1.284640066513e-01
6.308009075947e-01
9.716129177963e-10
-2.214947500022e-01
3.419482365236e-03
-6.188985812951e-04
-1.740414656596e-02
2.269472303170e-01
3.685688754027e-02
6.163479592848e-01
4.537754728037e-02
-3.729144302216e-03
-1.810316949662e-01
-7.555160712355e-01
-3.333070530049e-01
-1.379768063021e+00
3.556884008154e-01
-4.424068373190e-03
-1.582125245408e-01
1.352036442462e+00
-2.933382161232e-01
-6.941998712335e-01
8.917512676031e-02
-1.112161913751e-03
-1.594518862417e-01
2.998340645990e-01
-1.532216230203e-01
3.698842633757e-02
1.788771567868e-01
-4.709385322069e-03
-8.618137262012e-02
-7.041948717537e-02
-1.174156218327e-01
3.875079487188e-01
6.707766347777e-02
3.518432918657e-11
-1.284640065735e-01
6.317212174803e-01
9.716263773398e-10
-2.245104303436e-01
-5.967516628888e-03
-1.954532456353e-03
-2.700196090247e-02
2.274906133139e-01
4.149008006606e-02
6.623771349348e-01
6.738429710931e-02
-4.223140712271e-03
-1.905015806509e-01
-7.567302959271e-01
-1.948439388297e-01
-1.382569051331e+00
1.963977089966e-01
-4.974046612656e-03
-7.655677144170e-02
1.345863521707e+00
-1.423450334118e-01
-6.905902821385e-01
1.003609943289e-01
-1.648923863945e-03
-1.646683960997e-01
5.784630583655e-01
-9.542167947213e-02
1.688660412939e-01
9.889342633029e-02
-1.346405175230e-02
-4.895975866772e-02
-2.187266720013e-01
-5.692470912951e-02
6.795256705852e-01
6.707766361547e-02
1.893819714956e-10
-1.284640064957e-01
6.342852479813e-01
9.716359086283e-10
-2.300810762985e-01
-2.576185251667e-03
1.087657919052e-04
1.881458642879e-03
2.244706796919e-01
2.937067192907e-02
6.813342130100e-01
8.180816527102e-02
-4.771532722341e-03
-1.947535541887e-01
-7.701989104759e-01
-1.514636783185e-01
-1.394343611357e+00
1.616475745217e-01
-3.926838257453e-03
-4.225547065824e-02
1.361387906592e+00
-1.155295286675e-01
-7.186024736664e-01
1.079914841627e-01
-2.048370045606e-03
-1.685560477829e-01
7.348332236970e-01
-1.187529828918e-01
2.641339576952e-01
8.445878020432e-02
-9.974118167422e-03
-8.114394207406e-02
-3.131061444208e-01
-3.167223287155e-02
8.491591355881e-01
6.707766436996e-02
4.977772561137e-10
-1.284640061095e-01
6.407803261008e-01
9.716414931119e-10
-2.426535079842e-01
3.443042611691e-02
-3.215341169519e-03
1.431353511968e-01
2.187994617667e-01
3.345922435793e-02
7.220311066618e-01
-1.340564553281e-01
-1.161579500727e-03
-1.442595474163e-01
-2.973905746298e-01
1.530019186254e-02
-7.669013799877e-01
-1.085622041118e-02
-8.069245390988e-04
1.170030351095e-02
7.699933319599e-01
1.665019338364e-02
-2.971134446868e-01
-4.364118759778e-02
-4.757775442247e-04
-1.555091045927e-01
-9.065184348266e-01
2.107578930142e-03
-1.341832565550e+00
-1.292148627743e-02
2.259040093617e-03
-1.857260461212e-03
1.348981754884e+00
2.117575136653e-02
-8.913210728725e-01
1.281165693963e-02
-2.560705835592e-10
-1.443735908558e-01
6.168189512606e-01
9.721938847189e-10
-2.034902100300e-01
1.116362783206e-02
6.731173639358e-04
2.920452428626e-02
2.162427903383e-01
-7.511646694267e-04
6.514202905615e-01
-1.357485067337e-01
-1.143729115522e-03
-1.429472958062e-01
-3.020432878611e-01
3.456223411247e-02
-7.714676725874e-01
-2.869460920449e-02
3.790471524929e-04
1.960407803110e-02
7.714405734953e-01
2.496961039369e-02
-2.966967336756e-01
-4.454021896642e-02
-4.583510818650e-04
-1.551110873864e-01
-9.360497058691e-01
7.411349052760e-03
-1.350521579710e+00
-1.245346141640e-02
1.436386737809e-03
6.206355353913e-03
1.356102615173e+00
1.095202450860e-02
-9.155014091442e-01
1.281165646053e-02
-2.477412009564e-11
-1.443735895444e-01
6.168871886010e-01
9.721457302637e-10
-2.027846396823e-01
-1.694944208612e-03
-8.389270178863e-04
1.371835717935e-04
2.195317968449e-01
-6.513381155650e-04
6.582063369284e-01
-1.377822051102e-01
-1.065762754965e-03
-1.417045423686e-01
-3.041401287485e-01
2.320056237719e-02
-7.719332240126e-01
-2.272102030884e-02
7.764749727410e-04
1.116365109846e-02
7.732766387547e-01
1.968898941371e-02
-2.976893451883e-01
-4.555549752142e-02
-4.427798198045e-04
-1.545745938564e-01
-9.649202529469e-01
9.206029496060e-03
-1.365662673351e+00
-1.398858500908e-02
1.237556643694e-04
5.505871217272e-03
1.374221919007e+00
1.109342073132e-02
-9.415606483195e-01
1.281165598144e-02
-2.477412009564e-11
-1.443735891582e-01
6.167254852037e-01
9.721440068943e-10
-2.023571681428e-01
-1.590530906404e-03
4.083785216119e-04
-3.600208206588e-03
2.196305059091e-01
1.218666451003e-03
6.630595500970e-01
-1.405804097235e-01
-1.025627942657e-03
-1.405804870238e-01
-2.985133726247e-01
4.912896430769e-02
-7.679534007084e-01
-5.000352026030e-02
9.921998896321e-04
1.874848341218e-02
7.674428383777e-01
3.025576463631e-02
-2.947643683301e-01
-4.706166388621e-02
-4.470716151630e-04
-1.541099356828e-01
-9.932668158662e-01
1.804721514421e-02
-1.391705970597e+00
-2.647459852463e-02
-9.948675370638e-04
6.570105385104e-03
1.398218468014e+00
5.544172108758e-03
-9.668076901529e-01
1.281165658173e-02
-1.789717624047e-10
-1.443735893888e-01
6.149847764780e-01
9.721858916638e-10
-1.994009020293e-01
9.179682540268e-03
1.370180617709e-03
-9.543306217776e-03
2.262313748485e-01
2.173042014323e-03
6.678093040602e-01
-1.612722576209e-01
-2.157229454504e-04
-9.074683463654e-02
-2.786459685246e-01
-2.389606878306e-02
-8.125418260382e-01
6.727247404607e-03
-6.175664430100e-04
-2.005867577433e-02
8.088773509541e-01
1.990473289021e-03
-2.802246726346e-01
-9.071558663033e-02
-6.760630748918e-05
-1.312001059682e-01
-8.013573586449e-01
-5.137706692847e-03
-1.059451154543e+00
-2.555293572820e-04
1.981821742377e-04
-7.861947040978e-03
1.072644252247e+00
6.852526045382e-03
-7.945354161604e-01
-4.341193041709e-02
-3.357325908713e-10
-1.383054265820e-01
6.196985839464e-01
9.721892922806e-10
-2.058315098350e-01
-2.062306863113e-05
1.969253748390e-04
5.399658552880e-03
2.406640456759e-01
-2.182012504682e-03
6.340420161041e-01
-1.610688645504e-01
-2.773544621738e-04
-9.194306207794e-02
-2.775492589604e-01
-9.998394350166e-03
-8.100017767706e-01
1.532395052479e-03
-4.765682103885e-04
-9.327705530387e-03
8.107338764610e-01
2.037494665371e-03
-2.768237295338e-01
-9.067765216824e-02
-1.029691450045e-04
-1.317237249693e-01
-7.896994986160e-01
-5.961764765749e-03
-1.054840722113e+00
1.440466323860e-03
-7.168776213831e-04
-5.611776453354e-03
1.069351477444e+00
1.863135658801e-03
-7.829072995160e-01
-4.341193027939e-02
3.581567995195e-10
-1.383054274294e-01
6.194869414907e-01
9.721819116398e-10
-2.052402439496e-01
-1.337859876857e-03
-3.319206063212e-04
-1.981949028608e-04
2.414554282525e-01
3.807540963949e-04
6.362132638890e-01
-1.607283126161e-01
-3.098098144642e-04
-9.271697464855e-02
-2.738967961284e-01
-1.436344851672e-02
-8.081460754946e-01
6.829416377770e-03
-2.351537132210e-04
-1.017912994762e-02
8.087683147096e-01
1.268418523917e-03
-2.732496934158e-01
-9.056252030146e-02
-1.648217798724e-04
-1.320537940562e-01
-7.809953787738e-01
-2.100795653267e-03
-1.050469937155e+00
8.876277467975e-04
-9.470565263731e-04
-2.714815383671e-03
1.065321252590e+00
2.258478946628e-03
-7.741268943014e-01
-4.341193037298e-02
3.581567995195e-10
-1.383054276600e-01
6.195507753139e-01
9.721793605359e-10
-2.052073929769e-01
3.691263533637e-04
6.337033534880e-05
9.453409602836e-05
2.419229189685e-01
2.152867025589e-03
6.360298331687e-01
-1.603412224328e-01
-3.471738894474e-04
-9.315405138488e-02
-2.685150485580e-01
-1.313646647158e-03
-8.069376094326e-01
-5.458689781702e-04
3.663297208584e-05
-1.419464150668e-03
8.038303469747e-01
1.381989101911e-03
-2.710995229301e-01
-9.046598912349e-02
-1.964697446783e-04
-1.322585552803e-01
-7.750828908220e-01
-4.094671994355e-03
-1.046645346299e+00
-4.524560575229e-04
-5.919109659842e-04
-2.625607103075e-03
1.061599490099e+00
-2.112685214907e-03
-7.695306707939e-01
-4.341193046658e-02
5.123544418285e-10
-1.383054275822e-01
6.195391579234e-01
9.721798439883e-10
-2.049259182318e-01
5.787267337777e-03
8.608692253973e-04
-4.281912496348e-03
2.436253178728e-01
4.372587908832e-03
6.369558257145e-01
-1.870839452803e-01
2.364123451675e-04
-2.209794122521e-02
-2.467831620220e-01
-9.885189204884e-03
-7.772128747647e-01
4.161557407597e-03
-4.936312204121e-04
-8.726593857815e-03
7.744888351358e-01
2.491257260093e-03
-2.461183010490e-01
-1.361379800306e-01
1.073922973280e-04
-8.540545979309e-02
-7.883404264978e-01
2.976015478746e-03
-1.111748784480e+00
1.919990755940e-03
-3.551461800481e-04
1.694183264845e-03
1.128763499534e+00
1.961121360917e-03
-7.930007934490e-01
-9.303356684301e-02
3.962258918936e-11
-1.111833409616e-01
6.199744118053e-01
9.721449017210e-10
-2.069425736337e-01
-1.810728043483e-03
2.364571560219e-04
5.063641743772e-03
2.527497913215e-01
-4.500509081108e-03
6.133685815373e-01
-1.870238875442e-01
1.878539742299e-04
-2.230225209019e-02
-2.465651236598e-01
2.204278078055e-03
-7.763133954658e-01
5.271854163305e-05
-2.416716786484e-04
2.210987709425e-03
7.778247191080e-01
-2.367804501966e-03
-2.465319290406e-01
-1.360631229625e-01
7.781149722208e-05
-8.543641683216e-02
-7.871464462377e-01
-3.047944063675e-03
-1.110363891891e+00
1.273366703416e-03
-7.142069706401e-04
-1.598633462220e-03
1.127039505330e+00
9.859663494466e-05
-7.914194223441e-01
-9.303356685952e-02
-3.458715165833e-10
-1.111833402670e-01
6.199757862261e-01
9.721472417349e-10
-2.068786954270e-01
3.611866957422e-04
-1.129846588440e-04
-2.303680113474e-04
2.513632811449e-01
8.084743645182e-07
6.128545405073e-01
-1.869135235812e-01
1.757035419894e-04
-2.216444570125e-02
-2.465553927056e-01
-2.244354816537e-04
-7.765978091851e-01
2.544309858901e-03
-8.303563108361e-05
1.217145878075e-03
7.775193199434e-01
-2.157784393125e-03
-2.464484398959e-01
-1.359923016593e-01
3.275279728547e-05
-8.536732161576e-02
-7.888488259747e-01
3.163878262231e-03
-1.111824145728e+00
7.658301006101e-04
-1.811464271343e-04
3.393493509914e-03
1.127134051789e+00
-2.622633778678e-03
-7.930070776082e-01
-9.303356672181e-02
2.709190526529e-10
-1.111833406518e-01
6.200559428169e-01
9.721470252557e-10
-2.070240601653e-01
1.202905053961e-03
-1.735801266621e-04
5.478538174979e-04
2.502352819425e-01
2.544238733644e-04
6.132427251286e-01
-1.867644666467e-01
1.625737637476e-04
-2.162553901249e-02
-2.462039187912e-01
1.332861956430e-02
-7.773050667636e-01
-1.461653834395e-03
1.105116229037e-04
1.365312451547e-02
7.733781995454e-01
-7.595426422014e-03
-2.449166207545e-01
-1.358914863848e-01
2.824154038027e-05
-8.515434128505e-02
-7.941755785944e-01
-2.670614518975e-03
-1.116262303850e+00
1.790742414760e-03
5.529075502719e-04
1.498440030699e-03
1.129638824346e+00
-5.833778635982e-03
-7.977735318956e-01
-9.303356681541e-02
-3.747623196517e-11
-1.111833407282e-01
6.202082155369e-01
9.721429199348e-10
-2.072851307148e-01
-6.001192138104e-03
7.712474132093e-04
-6.924329967075e-03
2.487330236144e-01
4.270821205439e-03
6.135351485098e-01
-1.810937453798e-01
2.610045236081e-04
4.873357565182e-02
-2.267253098574e-01
-6.610265208169e-03
-7.689336015278e-01
4.741505898935e-04
-2.911781545591e-04
-7.259927623545e-03
7.672207812398e-01
4.291579741807e-03
-2.239587595051e-01
-1.581493685236e-01
1.196874003359e-04
-2.751686263762e-02
-7.690705887921e-01
5.964880935038e-03
-1.092498961229e+00
2.783444549748e-03
-2.593353564600e-04
5.363328528200e-03
1.101366593563e+00
-2.057058222328e-03
-7.830856844686e-01
-1.284988081140e-01
-5.816014891650e-10
-6.713642218935e-02
6.252602345416e-01
9.719845696388e-10
-2.169596114275e-01
1.575488743954e-03
3.432182687018e-04
4.930911597333e-03
2.488557249026e-01
-5.219258527440e-03
5.951064049068e-01
-1.811378344770e-01
2.234639314885e-04
4.859467790430e-02
-2.252871519189e-01
5.888760437273e-04
-7.687659282779e-01
4.064278937490e-04
-1.740589630811e-04
1.519627930862e-03
7.697017102483e-01
-2.640787734365e-03
-2.258905497283e-01
-1.580986972974e-01
9.952432680769e-05
-2.749731111278e-02
-7.680495484741e-01
-3.920859032814e-03
-1.091194087214e+00
1.189726429628e-05
-5.906583063410e-04
-3.265975015086e-03
1.100901812553e+00
2.456000587268e-03
-7.812874352792e-01
-1.284988078992e-01
-1.190085622379e-10
-6.713642195736e-02
6.246990665691e-01
9.719747199652e-10
-2.157284364734e-01
-3.191275086502e-04
1.429263350519e-05
-2.231868597282e-03
2.484382630408e-01
1.897361926906e-03
5.955384189060e-01
-1.810093138522e-01
2.124854993000e-04
4.865479746173e-02
-2.261243913601e-01
-1.341941161848e-03
-7.692026912080e-01
2.764530822028e-03
-1.254008916265e-04
-5.961365518637e-06
7.698872914121e-01
-1.827422863932e-03
-2.263685751450e-01
-1.580257764788e-01
5.659889182793e-05
-2.749195527802e-02
-7.696451205395e-01
2.189040702857e-03
-1.091880276486e+00
2.158301585483e-03
-1.350888463411e-04
3.305221423217e-03
1.100976741156e+00
-4.682975798873e-03
-7.819319177205e-01
-1.284988079928e-01
1.893867223802e-10
-6.713642203376e-02
6.245650988986e-01
9.719746866080e-10
-2.154619296750e-01
1.706745146036e-03
-1.507037946449e-04
1.880472690075e-03
2.477682662077e-01
-1.921319182726e-03
5.964390132430e-01
-1.806735403094e-01
1.937208103464e-04
4.892319815277e-02
-2.289026690854e-01
6.289966749836e-03
-7.699492159381e-01
3.710513322160e-03
-7.659093752110e-05
8.953026139516e-03
7.679281920961e-01
-9.117149556631e-03
-2.251989009477e-01
-1.578706097061e-01
5.388084730412e-05
-2.752325002036e-02
-7.740627293713e-01
-8.597563415734e-03
-1.094414099704e+00
1.719002781009e-03
6.161456764208e-04
-6.112980891105e-03
1.102035614452e+00
-6.188760288682e-04
-7.851526897452e-01
-1.284988077009e-01
3.518908007116e-11
-6.713642164756e-02
6.246723647149e-01
9.719845241878e-10
-2.157997626810e-01
-8.877341702622e-03
5.886842589845e-04
-3.010115117021e-03
2.455009181951e-01
5.112301102819e-03
5.983713291900e-01
-1.497858313245e-01
1.611917318190e-04
1.129371181776e-01
-2.119392057574e-01
-2.884004096622e-03
-7.591734756869e-01
-1.341085710307e-03
-1.877244309202e-04
-4.686938753102e-03
7.597628631265e-01
4.502266258497e-03
-2.082997428753e-01
-1.569869826935e-01
8.132601961461e-05
3.458514662160e-02
-7.546203138517e-01
8.159333462540e-03
-1.092952806099e+00
6.235006254505e-03
6.106253533119e-05
9.790999023953e-03
1.089509233085e+00
-8.848599451333e-03
-7.696380010374e-01
-1.444083927040e-01
-1.824229177252e-10
-1.287041548052e-02
6.311125782712e-01
9.717881544438e-10
-2.286471681363e-01
9.752740847879e-03
4.950169257545e-04
4.892355633874e-03
2.332420355943e-01
-9.506122440318e-03
5.924670174360e-01
-1.498739874150e-01
1.352972481868e-04
1.128995440239e-01
-2.092135712698e-01
-6.223624524598e-05
-7.599630653075e-01
3.403750717957e-05
-1.289463187056e-04
8.740940847846e-04
7.603508286873e-01
-1.522006202650e-03
-2.099068125891e-01
-1.569093101687e-01
7.094571928723e-05
3.470132067225e-02
-7.532838960182e-01
-2.639408600497e-03
-1.091429977343e+00
-3.116548425038e-03
-3.569287935517e-04
-4.707860057286e-03
1.089973750587e+00
6.327287843117e-03
-7.692909841316e-01
-1.444083928747e-01
-6.450158446523e-10
-1.287041540272e-02
6.300137324761e-01
9.717710199403e-10
-2.261295012791e-01
-4.463500981270e-03
8.946228607806e-05
-5.932472167165e-03
2.353896876141e-01
7.716580411173e-03
5.907531334436e-01
-1.497749955713e-01
1.285153686107e-04
1.129354090694e-01
-2.097641967861e-01
-9.057695859137e-04
-7.601607071058e-01
2.448168748429e-03
-1.353379559270e-04
1.703600955718e-05
7.605874222331e-01
-1.621834466853e-03
-2.102721065007e-01
-1.568600141892e-01
2.894526268115e-05
3.470479889090e-02
-7.545435521671e-01
1.366969572093e-03
-1.091725322963e+00
4.521417782635e-03
-1.254748555951e-04
4.651680804522e-03
1.090440884942e+00
-7.687558134991e-03
-7.700208048410e-01
-1.444083922744e-01
-3.366205600342e-10
-1.287041532492e-02
6.298764583028e-01
9.717702513139e-10
-2.258118072511e-01
5.046842808790e-03
-3.162139145540e-05
5.462728684157e-03
2.353481480938e-01
-7.592769945224e-03
5.910916742044e-01
-1.494660251692e-01
1.081128071783e-04
1.130295738628e-01
-2.134242656586e-01
1.988302954147e-03
-7.597274076918e-01
4.416156882493e-03
-1.773398891779e-04
5.176566866478e-03
7.605546813464e-01
-7.747116660417e-03
-2.094048763923e-01
-1.568119264852e-01
2.584134156220e-05
3.456199217089e-02
-7.582664481783e-01
-9.993442393180e-03
-1.093704746151e+00
-3.815712397988e-03
5.285835100194e-04
-1.103712267497e-02
1.091018617390e+00
7.557376901631e-03
-7.719120972065e-01
-1.444083919825e-01
1.259723668929e-10
-1.287041493872e-02
6.303740598484e-01
9.717846727983e-10
-2.269808016174e-01
-1.283735226925e-02
5.570291215471e-04
-2.236019184364e-03
2.327874599058e-01
9.700632690899e-03
5.940785555964e-01
-9.657490222201e-02
7.767369487284e-05
1.606190640895e-01
-1.985046056024e-01
-1.193391225627e-04
-7.527878969596e-01
-2.012710755793e-03
-1.715026876422e-04
-2.274505045306e-03
7.555256491903e-01
3.686868339800e-03
-1.954162032619e-01
-1.324302555081e-01
5.723310318051e-05
9.144515693839e-02
-7.503113638136e-01
6.607009491243e-03
-1.090169633567e+00
1.357057157041e-02
6.802368990881e-05
1.166254122207e-02
1.076667227867e+00
-1.776930657249e-02
-7.566798889910e-01
-1.383402296638e-01
-3.722626799658e-10
4.335317187619e-02
6.343806589641e-01
9.716343995820e-10
-2.351994579648e-01
2.546368681628e-02
8.421522581655e-04
4.729396773886e-03
2.135132061426e-01
-2.317347711985e-02
6.099012367704e-01
-9.675778856658e-02
5.413814169906e-05
1.606261806456e-01
-1.966361029917e-01
-2.182890692248e-04
-7.549705710929e-01
-2.786583563449e-03
-1.285033187341e-04
-4.621517385107e-04
7.551856903607e-01
2.196995342715e-03
-1.972286274524e-01
-1.323741868523e-01
3.708808234270e-05
9.155311140946e-02
-7.480281834788e-01
-1.795028818902e-04
-1.089134352152e+00
-1.162390699785e-02
-1.930173184409e-04
-6.504028900503e-03
1.076971735281e+00
1.398367820895e-02
-7.578123124947e-01
-1.383402298345e-01
-5.264603222748e-10
4.335317210819e-02
6.337126755004e-01
9.715901177784e-10
-2.334658095868e-01
-1.721740945563e-02
5.884062663052e-05
-1.041550264915e-02
2.166855385076e-01
2.183651304943e-02
6.049785394700e-01
-9.672174460369e-02
5.499957954800e-05
1.606271924664e-01
-1.967691218937e-01
-5.816628134761e-04
-7.550303982175e-01
3.698586415130e-03
-1.502534661892e-04
4.674430864049e-04
7.552842239031e-01
-3.135792462947e-03
-1.973517987759e-01
-1.323561581113e-01
7.457729304687e-06
9.154883621463e-02
-7.483926529861e-01
-5.230653610836e-04
-1.089174976506e+00
1.211108588861e-02
-1.224336334936e-04
6.307712973318e-03
1.077175095386e+00
-1.437663290508e-02
-7.581466705174e-01
-1.383402301594e-01
5.529231738885e-10
4.335317210888e-02
6.336768554598e-01
9.715891496761e-10
-2.333398476292e-01
1.730022690848e-02
-1.692697961027e-06
1.018175019321e-02
2.167452899439e-01
-2.176531239035e-02
6.049437709520e-01
-9.646262522191e-02
3.055401353674e-05
1.606066342456e-01
-1.989156792753e-01
-6.726241162709e-04
-7.530131996483e-01
3.017287190000e-03
-2.330579668566e-04
1.912573193098e-03
7.558563166586e-01
-4.561664787812e-03
-1.958132927523e-01
-1.323719494449e-01
-1.152101431263e-05
9.141287970618e-02
-7.513379545469e-01
-7.479401407866e-03
-1.090256171059e+00
-1.293598263739e-02
2.295060379797e-04
-1.252325891649e-02
1.077217006056e+00
1.747912890331e-02
-7.576463292893e-01
-1.383402298675e-01
-6.386739534765e-11
4.335317210959e-02
6.341184964245e-01
9.716293959730e-10
-2.343992014855e-01
-2.592090604257e-02
8.152259350269e-04
-3.377043536250e-03
2.137807898607e-01
2.325196989271e-02
6.098587441718e-01
-2.935736184206e-02
4.843691029117e-05
1.850982358067e-01
-1.843697519525e-01
3.787692339382e-03
-7.476183787604e-01
-8.061044948357e-03
-1.579599523441e-04
-1.899494729065e-03
7.516073557696e-01
8.563548541180e-03
-1.850383571122e-01
-8.816490927272e-02
4.999881596058e-05
1.349720985879e-01
-7.513850784701e-01
5.167991160140e-03
-1.086740170934e+00
4.654554104119e-03
-1.098362992067e-04
4.429598197522e-03
1.072520956848e+00
-9.129671290761e-03
-7.468489874486e-01
-1.112181429640e-01
-3.747063746785e-10
9.297480861052e-02
6.327437657441e-01
9.716431101126e-10
-2.319548734993e-01
1.281777111227e-02
9.706148585198e-04
-8.094324021539e-03
2.031313815725e-01
-8.066802763691e-03
6.348777556611e-01
-2.965491777584e-02
2.465602425301e-05
1.851694247560e-01
-1.847341009493e-01
-1.847537923382e-04
-7.505640837586e-01
-6.425419280498e-04
-1.386463570259e-04
1.131704606444e-03
7.506298693725e-01
1.073888025535e-04
-1.849870824741e-01
-8.822096969646e-02
2.070227255920e-05
1.350457737872e-01
-7.488291803997e-01
1.660185097629e-03
-1.085504904517e+00
-5.717702479698e-03
-9.287443165077e-05
-1.066168649756e-04
1.070644440442e+00
6.199981624355e-03
-7.451440959275e-01
-1.112181434431e-01
-2.205087323695e-10
9.297480830282e-02
6.325829318813e-01
9.715764654290e-10
-2.312539655895e-01
-5.942289416733e-03
-2.872748250675e-05
-1.913175314089e-03
2.043661077832e-01
7.131478871406e-03
6.328668400436e-01
-2.966986890080e-02
3.042878069145e-05
1.851618958876e-01
-1.846287977768e-01
-5.056904945701e-05
-7.505391141159e-01
2.705912545877e-04
-1.528639662479e-04
-1.334591981029e-03
7.506145006622e-01
3.647782444667e-04
-1.849052644781e-01
-8.822614763503e-02
2.294998357743e-06
1.350394280065e-01
-7.486532458183e-01
-1.964460178776e-03
-1.085393666971e+00
5.578967292566e-03
-6.182658531607e-05
-1.026009700857e-04
1.070576487833e+00
-6.018387036827e-03
-7.450511513312e-01
-1.112181433054e-01
-3.747063746785e-10
9.297480838062e-02
6.325802318989e-01
9.715756034879e-10
-2.312043246286e-01
5.904017292981e-03
-6.114336971474e-05
1.793655383737e-03
2.043785937493e-01
-7.137183077091e-03
6.327743710157e-01
-2.940821788494e-02
5.640895321786e-06
1.850667698129e-01
-1.841790081949e-01
-3.960900556172e-03
-7.475894834471e-01
7.538984277122e-03
-2.009240334229e-04
1.491142816646e-03
7.516235182725e-01
-7.945598887842e-03
-1.848617380704e-01
-8.818528051444e-02
-2.670775978466e-05
1.349427627876e-01
-7.508627398799e-01
-5.510351430139e-03
-1.086351788640e+00
-4.944787998166e-03
-3.258086796392e-05
-4.986302820285e-03
1.072304904372e+00
9.416589371339e-03
-7.464632528700e-01
-1.112181436303e-01
-2.205087323695e-10
9.297480845841e-02
6.326902305432e-01
9.716384495612e-10
-2.316094199095e-01
-1.260850478659e-02
9.484403657458e-04
8.792146198149e-03
2.032330448935e-01
8.044750850598e-03
6.344844106639e-01
4.235375601186e-02
5.338621596182e-05
1.826303123557e-01
-1.669724339043e-01
9.165400987302e-03
-7.420754697582e-01
-1.140269765298e-02
-1.658051938921e-04
2.025883086567e-03
7.442137933453e-01
9.154760889956e-03
-1.703948731305e-01
-3.031650773797e-02
4.574820496144e-05
1.585499385377e-01
-7.524351640437e-01
5.433242653560e-03
-1.079353667464e+00
-1.522674968847e-03
-6.451221336015e-05
3.733531653601e-03
1.073252795048e+00
-5.404577649560e-03
-7.386969209358e-01
-6.717122496276e-02
-2.664807926501e-10
1.284400495731e-01
6.269648714375e-01
9.718395876558e-10
-2.204376448401e-01
5.986045596711e-03
8.352355989217e-04
-1.096201123713e-02
2.085356220164e-01
-2.132584379235e-03
6.538440325355e-01
4.200079084924e-02
3.091073402797e-05
1.828258641135e-01
-1.693838400161e-01
-6.373397990355e-04
-7.444416349813e-01
5.430012676541e-04
-1.174027497870e-04
9.914355820331e-04
7.445384934472e-01
-3.051765779972e-04
-1.694433998198e-01
-3.046590492042e-02
2.230673142139e-05
1.586614180096e-01
-7.492531659643e-01
1.774443075197e-03
-1.077206360703e+00
-2.497527124636e-03
-7.343981310810e-05
1.179715956085e-03
1.071073494574e+00
2.595907477609e-03
-7.351984725169e-01
-6.717122621284e-02
-4.977772561137e-10
1.284400494967e-01
6.269675177915e-01
9.717958620133e-10
-2.202143048375e-01
-1.038679532258e-03
-4.219791941015e-05
-7.493060783588e-04
2.087794706408e-01
1.971488630620e-03
6.530849564586e-01
4.195818463214e-02
3.678577518832e-05
1.828227440046e-01
-1.691520336496e-01
9.448978622180e-04
-7.443429072700e-01
-1.604786204794e-03
-1.119771938457e-04
-1.065189438839e-03
7.444499748219e-01
1.425760266731e-03
-1.692877991390e-01
-3.048290046069e-02
2.131735620591e-06
1.586552988118e-01
-7.487623741329e-01
-1.909114643114e-03
-1.076976707046e+00
2.044271813045e-03
-6.727647682618e-06
-1.381958859053e-03
1.070841061170e+00
-2.135497379891e-03
-7.348929783482e-01
-6.717122437896e-02
-4.977772561137e-10
1.284400495745e-01
6.269575002348e-01
9.717953863997e-10
-2.201709916883e-01
9.353979810383e-04
-6.800997335074e-05
5.505932723575e-04
2.087894623998e-01
-2.042471500567e-03
6.528556627273e-01
4.221628685210e-02
1.683128228478e-05
1.826194354935e-01
-1.665038519656e-01
-8.695429520058e-03
-7.418236190044e-01
1.009488474214e-02
-1.411184501108e-04
-2.161222085018e-03
7.440567169995e-01
-7.870145753392e-03
-1.700647210491e-01
-3.037730000796e-02
-1.889248944172e-05
1.585249095355e-01
-7.509530330514e-01
-5.583435894384e-03
-1.078559067872e+00
7.390026267102e-04
6.529131954819e-05
-4.219516218994e-03
1.072643951020e+00
6.062513697576e-03
-7.376762055673e-01
-6.717122470385e-02
4.274085977406e-10
1.284400494210e-01
6.269193668480e-01
9.718373680133e-10
-2.202381479870e-01
-5.382369434669e-03
8.729311187792e-04
1.199154221028e-02
2.084751366349e-01
2.113940311097e-03
6.530200418151e-01
1.081096252003e-01
4.640755428961e-05
1.533544839032e-01
-1.461515992314e-01
1.302378188545e-02
-7.341687460184e-01
-1.057485664331e-02
-1.823335414087e-04
6.744671395872e-03
7.332925240390e-01
5.436747022628e-03
-1.499243400622e-01
3.261331973519e-02
3.673122654510e-05
1.581747055690e-01
-7.464539980780e-01
4.953834262430e-03
-1.070143655144e+00
-3.154418670557e-03
1.579023996895e-05
5.034272513023e-03
1.076266834088e+00
-4.941149638967e-03
-7.327582888983e-01
-1.290521717454e-02
-2.836211645225e-10
1.443496335463e-01
6.211825085040e-01
9.720950195039e-10
-2.089921113771e-01
2.251241975592e-03
6.606471330594e-04
-1.095703969566e-02
2.259595709471e-01
5.842931613924e-04
6.514922719787e-01
1.078350017033e-01
2.326464116843e-05
1.536761206635e-01
-1.493821386047e-01
-1.040017910653e-03
-7.352549851252e-01
1.181943042923e-03
-9.928999743836e-05
3.268020465513e-04
7.354577528950e-01
-2.928976685302e-04
-1.493395182337e-01
3.246595777301e-02
1.830999632247e-05
1.583573124357e-01
-7.428083023694e-01
1.679390505991e-03
-1.067594049273e+00
-1.204733786857e-03
-1.200934885165e-04
1.318318520760e-03
1.073978923150e+00
1.088892576353e-03
-7.289134381362e-01
-1.290521688264e-02
1.789717624047e-10
1.443496339325e-01
6.214394618837e-01
9.720678886027e-10
-2.094349373259e-01
4.169787986431e-05
-9.898063261978e-05
-8.766670095739e-04
2.249938498112e-01
9.426281539793e-04
6.521027146196e-01
1.077983654005e-01
2.721476785343e-05
1.536742547242e-01
-1.493718932407e-01
1.521237125502e-03
-7.352299757882e-01
-2.071547696351e-03
-6.662927305492e-05
-3.522815903326e-04
7.353781124551e-01
1.069328861654e-03
-1.494375752569e-01
3.244782199946e-02
-4.836650926185e-06
1.583549726659e-01
-7.423712472729e-01
-1.582344779572e-03
-1.067442100418e+00
7.276887470949e-04
-3.361353396848e-05
-1.402114476648e-03
1.073695350359e+00
-7.251696825866e-04
-7.286704545944e-01
-1.290521751593e-02
3.331694047137e-10
1.443496337790e-01
6.214483714896e-01
9.720680909175e-10
-2.094625644424e-01
-2.172148626566e-04
-1.001949357068e-04
6.838205944306e-04
2.249362371242e-01
-1.067186585204e-03
6.518619040633e-01
1.079968737022e-01
1.066453234162e-05
1.533566656370e-01
-1.463817030413e-01
-1.232061580393e-02
-7.341183887406e-01
9.566101077836e-03
-6.680745844728e-05
-6.630882209830e-03
7.331839122605e-01
-4.562942170507e-03
-1.504067422430e-01
3.255108997510e-02
-1.891357116914e-05
1.581703745895e-01
-7.450667075197e-01
-4.744948998104e-03
-1.069600849931e+00
2.366377181819e-03
1.539270790874e-04
-5.134736063873e-03
1.075511583274e+00
5.564230622673e-03
-7.319912720227e-01
-1.290521845761e-02
7.957623316409e-10
1.443496337026e-01
6.212042460890e-01
9.720952653561e-10
-2.090500412689e-01
-1.328145466449e-03
7.710102657519e-04
1.184993582161e-02
2.256377483217e-01
-5.786352227276e-04
6.508790540950e-01
