-1.942890293094e-16
0.000000000000e+00
-5.086676772571e-17
0.000000000000e+00
-3.452454657887e-15
0.000000000000e+00
-5.517123281249e-15
0.000000000000e+00
3.996911374636e-14
0.000000000000e+00
1.075840005731e-14
0.000000000000e+00
1.029037965949e-14
2.775557561563e-17
-3.497202527569e-14
-1.580774325096e-08
-3.465098595124e-15
-1.422652399428e-07
-7.586292705142e-14
-5.685466551689e-15
-4.612976667318e-13
1.224801544981e-07
-6.883382752676e-14
-7.408035499259e-08
-4.416108597761e-05
9.476909847568e-07
5.215180099255e-05
1.287552731882e-06
-5.983138654606e-08
9.540869279064e-07
-5.776980934577e-07
8.998224451734e-09
6.878160449118e-07
2.623531091278e-07
-1.518080299199e-07
2.864065140780e-06
5.546254413374e-06
-2.077421192472e-05
1.416153487310e-06
2.849722603179e-07
1.625841335599e-08
8.948307277969e-08
6.749703420321e-08
4.885231089017e-09
1.646727124343e-08
9.892374520125e-07
-6.808446782186e-09
3.037207604003e-06
5.289042433632e-06
-2.599725574225e-06
-7.033925537928e-06
-2.602891170860e-08
4.228576892226e-08
8.648121005545e-07
7.419312054755e-08
-8.298414070918e-09
-9.443228076952e-08
3.153903326213e-07
-1.733312277093e-08
2.302931768464e-06
-1.832851021043e-05
-1.852054688591e-06
6.658882476962e-05
1.974152483196e-06
-1.121458618897e-07
1.252496310328e-06
-2.373969797103e-07
-2.630093726455e-09
8.736307165859e-07
6.820092065969e-07
-1.044588656694e-07
2.221270893398e-06
5.499991264601e-06
-2.237254898692e-05
-7.827463038290e-07
1.104843855099e-06
1.046384753954e-08
8.936342343753e-07
6.748235902709e-08
-8.817826300560e-10
-1.577827308239e-08
1.871951253694e-06
-2.109901158699e-08
2.244500144060e-06
1.514454174546e-06
-2.960888394939e-06
-8.728484752557e-06
7.554688510838e-07
3.333652190798e-08
1.521969514082e-06
2.406824154924e-08
-5.047040786514e-09
-1.247224910858e-07
9.984793707142e-07
-4.068090350697e-08
1.549605147005e-06
9.497464961712e-06
-6.452623588319e-07
6.873590515866e-05
2.705116027561e-06
-1.321958225670e-07
1.060206761180e-06
1.274003977007e-07
2.005932920806e-08
8.959185942919e-07
4.854475404616e-07
-5.882472089637e-08
1.578022258667e-06
5.426820498700e-06
-2.015133512107e-05
-2.951412110347e-06
2.295819629551e-06
8.623823179526e-09
9.426326949805e-07
6.611894501709e-08
3.701947795761e-08
-3.114268516550e-08
1.886527823827e-06
-1.207328333096e-08
1.141192288152e-06
7.606288837253e-07
-4.644899733944e-06
-1.156289201915e-05
1.817625808639e-06
1.731468044021e-08
1.386613320809e-06
2.302348916865e-08
-1.308837654647e-08
-1.247115177603e-07
9.272627921596e-07
-1.796729953054e-08
5.243579631365e-07
4.079864737533e-05
-1.809934896371e-05
5.586384140804e-05
2.983509258698e-06
-1.231771952413e-07
1.660104693834e-07
5.513848972591e-07
-2.316483272843e-07
7.369792809659e-07
-5.860765226297e-08
6.337707234646e-08
1.050943432314e-06
1.179597651758e-05
-4.170355442814e-05
1.037058207895e-05
3.202257163848e-06
-7.950947940612e-08
-4.017237692273e-07
1.007197943004e-07
-2.430797812865e-07
3.138276467938e-08
1.087709243443e-06
-2.996195436494e-08
7.319209059512e-08
-1.044049261807e-05
-1.058910094616e-05
6.202713047208e-06
2.973785037222e-06
-5.394859676148e-08
1.113530677872e-07
-2.424983499886e-07
8.922755112008e-08
-1.113657539100e-07
3.854322807353e-07
-1.969293042372e-07
-6.266688729094e-08
5.731323771221e-05
4.539441083815e-05
3.896879540933e-05
3.587141499060e-06
-5.305720227188e-08
-1.875094444200e-07
7.884121893472e-07
9.130877434133e-07
5.142881703359e-07
-8.131579791595e-07
-1.548199719230e-07
1.711294541092e-06
1.059300706249e-05
4.393395917920e-06
-3.702020241072e-05
4.121137084849e-06
7.333220732300e-07
-2.127446769088e-06
5.799895729560e-07
9.174637172850e-07
3.941636291823e-08
-3.655064269632e-07
9.811258485658e-08
5.929399075781e-07
4.462527428785e-05
-1.187394697637e-04
-6.311245879403e-05
2.574262141049e-06
4.329347114282e-07
-5.407918198978e-06
1.755605324568e-06
-8.199585356416e-07
-3.996981156493e-07
-1.207195437076e-06
6.750495384437e-07
1.363889915159e-06
3.404604220147e-04
-4.541707098947e-04
6.328643164270e-05
-7.997451478715e-07
-1.095561484877e-07
-1.932489207337e-05
4.431570001184e-06
-5.206530793222e-06
6.280861793220e-07
-2.563946397559e-06
1.417303309995e-06
8.008229472698e-06
-2.396899769054e-04
-4.118901087063e-04
3.765167980436e-05
2.609836546016e-06
-2.044101347961e-06
-2.174775318605e-05
-4.503405546632e-06
-1.379492043719e-06
3.196173558631e-07
6.109256401516e-06
-1.925665169074e-06
1.149612677487e-05
3.082908241746e-05
-1.086347514137e-05
-5.496423979437e-05
-1.811753267005e-06
-3.998502434245e-07
-7.006325978605e-06
-9.260248727480e-07
6.009737538122e-07
-9.254421310938e-07
1.779094094842e-06
9.530484012312e-07
3.793004352962e-06
-1.073099053529e-04
4.158294710331e-05
1.098226628519e-04
-4.706563131059e-07
-7.207029087548e-07
-3.104669569772e-06
-1.345758385286e-06
5.343366525550e-07
1.302488024845e-06
1.154831935019e-06
-5.064594130310e-09
3.923381601488e-06
1.505563244679e-05
1.436176088763e-05
-1.114966511859e-05
8.369379010103e-07
3.379565264013e-07
-5.440217291311e-07
3.645125647165e-07
5.758178368673e-08
-1.883225794175e-07
-1.540590729815e-06
3.392939225960e-08
1.224566402254e-06
1.318359394691e-05
-4.978481794808e-05
-1.945806135059e-05
2.560255364237e-07
1.433525877192e-07
-1.908496384620e-06
2.521899924780e-07
-3.079764601206e-07
-3.052129414831e-07
2.135722182221e-07
-1.323243899421e-08
2.646381801396e-06
3.967085449778e-05
-3.519303264847e-05
8.255029249338e-07
3.608320759529e-07
-1.314361590951e-07
-3.470981631201e-07
4.665386720197e-07
-1.881696401089e-07
2.223674907425e-08
8.201684438012e-07
6.475796336133e-08
3.962429211983e-06
-1.451490338366e-05
-1.779905369056e-05
1.589271844997e-05
2.754046573829e-07
-1.165536210149e-07
-9.423257231235e-07
-2.130004740892e-07
6.719431276673e-09
2.296757569801e-07
-2.346961152048e-07
-2.640803510742e-08
2.806982153959e-06
-7.688466133839e-06
1.617300625321e-05
1.058314303881e-05
-1.337713936172e-08
-6.587491978285e-08
4.796809178489e-09
-1.170149421821e-07
1.459440816867e-08
1.428812999346e-07
-1.546484242003e-06
-1.148467508097e-08
1.838524776034e-06
6.651368543374e-05
2.797503339484e-05
-4.852370372119e-05
8.854552109413e-07
9.168315623076e-08
1.622307962631e-06
8.662161613887e-07
2.675735418149e-08
-6.489685971580e-07
-5.005360990015e-07
2.809302081742e-07
2.473598843371e-06
-2.948826785042e-06
-1.686479736410e-05
-6.104328973466e-06
2.941355563037e-07
6.296989818939e-09
-3.915485912581e-08
-3.433643806279e-08
1.298620429296e-08
-8.528175580546e-08
7.589751274921e-07
-1.408436249206e-08
2.909049364043e-06
-6.067943180837e-06
2.997072285526e-06
1.458179774948e-05
-1.232944406664e-07
-6.759548520699e-08
8.242372046673e-07
-8.654868382247e-08
-1.369300307966e-08
1.870823421299e-07
-5.476560789348e-08
9.264887387748e-09
2.174646745951e-06
3.820867766708e-05
1.759611063135e-05
-6.274984294628e-05
1.600321546420e-06
1.565638675867e-07
1.876516625096e-06
4.967322334754e-07
-4.248430503626e-09
-8.282747103287e-07
1.830925142655e-07
2.050383308258e-07
1.830148587158e-06
-3.778681770955e-06
-1.668974935195e-05
-2.952330534406e-06
9.181452675307e-07
-6.435513310453e-09
8.281653943762e-07
-4.452357833557e-08
5.488343743207e-09
-3.903664709494e-08
1.547753244866e-06
2.887855842189e-09
2.236336994037e-06
-4.029547460010e-07
2.964467307435e-06
1.292832547549e-05
5.269626713255e-07
-4.857185361708e-08
1.528205363889e-06
-9.585366991295e-09
-5.103119093836e-09
1.724914774623e-07
6.924227352974e-07
3.697999381227e-08
1.605164566344e-06
7.973276619395e-06
1.554950823752e-05
-7.087193763294e-05
2.412012477426e-06
2.132386739679e-07
1.584491542114e-06
1.005859931842e-07
8.033386375262e-10
-9.344297361583e-07
3.263454407111e-08
1.215331209900e-07
1.166657223703e-06
-5.278942621749e-06
-1.680550149226e-05
-1.336609973257e-06
1.966726960496e-06
-1.210765942397e-09
9.673500180851e-07
-6.447273114777e-08
2.585583056384e-09
-1.890509170814e-08
1.665381272313e-06
5.160055381802e-09
1.186408134056e-06
3.710055577713e-06
1.378053335777e-06
1.107738429056e-05
1.532547477889e-06
-2.692532218162e-08
1.530629651304e-06
4.655906386093e-08
-3.901929879118e-09
1.506351520756e-07
7.951086932052e-07
5.047122489897e-08
6.464924689617e-07
-2.077598469677e-05
1.298582089756e-05
-6.641713217245e-05
2.841864404462e-06
2.294680705771e-07
8.329722401794e-07
-2.774280334896e-07
1.349019337206e-09
-8.737439875713e-07
-5.756121629861e-07
2.982057278061e-08
8.168863782571e-07
-5.402479107422e-06
-1.711599044629e-05
7.924362134815e-07
2.803188968567e-06
1.721312989446e-09
2.980397118173e-07
-6.665135108587e-08
1.130736431549e-09
8.166797004828e-09
9.941292124870e-07
6.033047743766e-09
3.531784792139e-07
6.668635865792e-06
2.223404313459e-07
8.143425881950e-06
2.275493487207e-06
-4.580019886792e-09
8.163791406688e-07
8.829954371609e-08
-3.060990692950e-09
1.133913366347e-07
1.542441960873e-07
5.366718360214e-08
-4.844817290558e-08
-4.533424677045e-05
1.060233862373e-05
-5.135829754090e-05
2.690224408504e-06
2.096616011958e-07
2.972824141804e-09
-5.999203282574e-07
3.662782495422e-09
-6.736032109534e-07
-1.260178037671e-06
-5.747609211294e-08
1.071248959398e-06
-4.372060484925e-06
-1.767873954177e-05
3.151445821499e-06
2.920119088110e-06
3.314061023720e-09
-7.929964838966e-07
-5.471043635144e-08
9.790375800429e-10
3.804604707013e-08
-7.431864881054e-08
6.043814833792e-09
2.552827063905e-07
8.582096219720e-06
-7.155035608596e-07
4.869801910737e-06
2.293068082264e-06
1.513093399574e-08
-2.032793325324e-07
1.158740219108e-07
-3.380820006804e-09
7.005822302322e-08
-8.131001378935e-07
4.940401841314e-08
-3.706507801841e-08
-6.176703167388e-05
8.528241317653e-06
-2.831326371341e-05
2.050492894139e-06
1.609741024726e-07
-4.526930154215e-07
-8.153286432640e-07
5.976134565253e-09
-3.683693911575e-07
-1.588153446508e-06
-1.273529878178e-07
1.798949712322e-06
-2.281420378655e-06
-1.832008450429e-05
4.787339842709e-06
2.224958206110e-06
5.273444632895e-09
-1.647535203928e-06
-2.924283659276e-08
1.150686222986e-09
5.895951628424e-08
-8.973793233088e-07
6.038389286160e-09
9.753185515625e-07
9.186611832981e-06
-1.485622724346e-06
1.391478727311e-06
1.583614692303e-06
3.127530632233e-08
-9.173104142130e-07
1.258854626224e-07
-3.982338729899e-09
2.291095099630e-08
-1.488196096648e-06
3.857076084653e-08
6.929204515561e-07
-6.763550697243e-05
6.194772319614e-06
-2.650266778953e-07
1.343123467235e-06
8.979775910159e-08
-3.108338915148e-07
-8.907877162207e-07
8.230296933543e-09
1.649312183030e-09
-1.304547352384e-06
-1.691303079861e-07
2.604851879171e-06
6.514177648964e-07
-1.903859800762e-05
5.204273185233e-06
1.132999499995e-06
8.810447703649e-09
-1.746587138319e-06
6.953345302752e-09
1.689868375652e-09
6.450854776025e-08
-9.569256313976e-07
5.413272668181e-09
2.099200307800e-06
8.634024247764e-06
-2.028851593976e-06
-1.835051722632e-06
5.839741421717e-07
4.212813699749e-08
-8.899517385356e-07
1.197322670164e-07
-5.126937440235e-09
-2.176757003358e-08
-1.440346068015e-06
2.250979555110e-08
1.700163016892e-06
-6.152634719865e-05
3.557658193335e-06
2.826632301013e-05
1.019803285514e-06
1.061699666950e-08
2.949323278224e-07
-8.081270335728e-07
9.279678677066e-09
3.764190993135e-07
-5.452262453129e-07
-1.763151371646e-07
3.029661087877e-06
3.589397679596e-06
-1.989390316937e-05
3.972049235551e-06
3.110594303891e-07
1.368726242946e-08
-1.022677927279e-06
4.344719997987e-08
2.516789694485e-09
4.897356825368e-08
-1.823426942603e-07
1.539221909365e-09
2.958953259989e-06
7.160339829733e-06
-2.359540625581e-06
-4.623695067305e-06
-9.017963578271e-08
4.652304579051e-08
-1.435160544368e-07
1.004179433779e-07
-6.615549581285e-09
-6.122819101121e-08
-6.895344488044e-07
2.806159141927e-09
2.372527862272e-06
-8.729054386414e-05
7.792224303224e-07
1.016142482354e-04
2.548206680833e-06
6.908094615043e-09
1.949127844866e-06
-7.357710187644e-11
-5.507195315034e-09
-1.133895651114e-08
4.779347264367e-07
-1.255507622330e-08
5.710660648121e-06
1.013280834901e-05
6.706750842553e-07
4.164702927759e-06
5.553895455573e-07
-5.768973508999e-09
1.935794047556e-07
-6.223484849590e-09
-5.748056873190e-10
1.138008222314e-08
1.938664015660e-06
-4.940630230425e-09
6.048357137295e-06
1.021622860675e-05
-9.654232375415e-07
-1.358648237007e-05
-2.572881544186e-08
-4.900285977516e-09
1.711790556091e-06
-3.649837678277e-09
3.571985457015e-09
7.617399448625e-09
6.929288540757e-07
-7.420735562012e-09
4.634577411715e-06
-3.620829098838e-05
-9.810035318068e-07
1.306136411860e-04
3.963921764593e-06
-1.999673975624e-09
2.522121426807e-06
2.839484325971e-10
-5.524138642115e-09
-3.238890189470e-09
1.391636253494e-06
-1.778737766762e-08
4.462942203209e-06
1.109167081567e-05
-3.645897539200e-07
-1.792274577875e-06
2.216428350705e-06
-1.169839292613e-08
1.795658385595e-06
1.329026856341e-09
-1.999376779362e-09
4.004135347509e-09
3.757181374399e-06
-1.829607946371e-08
4.485590836235e-06
2.830718793922e-06
-4.300625560848e-07
-1.955016881242e-05
1.527877953375e-06
-8.990260567569e-09
3.021924832801e-06
-1.777843967963e-09
4.031773195873e-09
-7.533830902228e-09
2.026103902990e-06
-1.802399368374e-08
3.110645135597e-06
1.649829699200e-05
2.666650867576e-06
1.310563139070e-04
5.303022406753e-06
2.424395473598e-09
2.192581773442e-06
-1.937293439547e-08
-3.102098111506e-09
-3.007640134449e-08
8.471471472110e-07
-3.696743094270e-08
3.161981967735e-06
1.036413165834e-05
5.544102072863e-06
-4.809932030295e-06
4.322345718135e-06
3.094328000962e-09
2.018464845952e-06
-3.026558774650e-09
-1.406578130453e-09
-1.157909006308e-09
3.539157242172e-06
1.150919001606e-09
2.298391566340e-06
1.052689960307e-05
-1.089698125207e-06
-3.913519202300e-06
3.739057530124e-06
-1.706350429897e-08
2.744764346999e-06
7.104290410175e-08
5.323907823909e-09
1.311896934038e-07
1.843008681070e-06
6.138043389448e-08
9.252139858538e-07
1.119609008124e-04
-3.778771825900e-05
1.266845026058e-04
7.281941545634e-06
1.732738466702e-08
-9.256113456589e-07
2.737378416474e-07
-2.621688687524e-08
1.435982433799e-07
8.100782403420e-07
1.339124613063e-07
2.282416134119e-06
7.550562771561e-06
-4.078599910520e-05
-1.158366419338e-05
8.150335841916e-06
-1.372042369375e-07
-2.573296086460e-06
-7.802063585124e-08
-2.732520167772e-08
-1.422251607195e-07
3.020250490831e-06
-1.228754793469e-07
7.774320514653e-08
-9.433262659551e-05
1.368848996358e-05
-6.860052289771e-05
5.383649245100e-06
-1.208390656928e-07
8.078934194316e-07
-4.698525320778e-07
3.850372901933e-09
-4.447346466326e-07
7.905403441681e-07
-3.088611337858e-07
1.881931676619e-08
4.062223851284e-05
1.086753733002e-04
7.381241852154e-05
2.877754418578e-06
-1.049742093142e-07
4.338678573942e-06
-5.760366216068e-07
-2.717236468263e-07
-6.206184642804e-09
-3.583447056047e-06
-3.861017246051e-07
1.439175924083e-06
1.329702655822e-04
1.059163778298e-04
5.922570373368e-05
4.121798738032e-06
1.184079461663e-06
1.144866957884e-06
4.813731071451e-07
-3.391568010130e-07
4.176668118603e-07
-1.775835346921e-06
-2.108061168378e-07
-4.818304343262e-07
6.943173304754e-04
-1.198809442756e-04
1.007344096458e-05
6.255934771802e-06
7.398082168761e-07
-2.067254675162e-05
3.646531880300e-06
-5.244680451930e-08
5.476143872068e-07
-3.965447928034e-06
1.638536464986e-06
6.172942017401e-06
8.170896045791e-04
-7.395653106712e-04
-1.350594063664e-04
8.000859822935e-06
8.081943692519e-07
-7.686953427241e-05
8.174834396179e-07
9.876879812300e-07
-2.526594529775e-06
1.380682337575e-05
-8.682798047635e-08
3.249386366857e-05
-1.334638541884e-03
-1.322079058780e-04
7.894128999117e-05
4.693001611932e-06
-2.515027540908e-06
-5.746358729070e-05
-4.136272533387e-06
7.869214803328e-07
-5.559212131693e-08
1.212465399035e-05
-1.858950868627e-06
3.134855010691e-05
-3.459839647812e-05
5.930798762852e-05
-2.094311639447e-04
-5.533234159026e-06
-6.137718137169e-07
-1.289050709559e-05
-7.261236009606e-08
-2.733232011772e-07
-3.050714081899e-07
4.513186750591e-06
1.684663152620e-06
5.947123852526e-06
-2.078456601177e-04
4.799859762849e-05
2.785857305938e-04
-3.457384000704e-06
-6.703721392529e-07
-3.587073973780e-06
-1.629688891340e-07
-3.272362665369e-07
5.981338646963e-07
1.131059601890e-06
-4.657798221160e-08
5.027537318873e-06
1.363620063260e-04
9.540461771449e-06
-5.223380672684e-05
1.677975557606e-06
4.134478237520e-07
-7.943681600020e-07
5.674194371685e-07
1.046906367653e-08
-1.380610670358e-07
-2.872760007352e-06
-7.857097316876e-08
2.382166694292e-06
4.501402243820e-05
-4.191988890358e-05
-5.715980029135e-05
2.064882036574e-07
1.231533755425e-07
-5.395690869380e-06
7.073197409008e-08
8.009677946004e-08
-7.761920152948e-08
2.075236609703e-06
-8.886589936571e-08
7.354093342925e-06
3.899895347247e-05
-2.732896334545e-05
1.824957279921e-05
6.377550681176e-07
-8.870661280553e-08
-1.409157606593e-06
-2.789004537071e-07
1.998002667651e-08
1.109410369004e-07
2.603551671421e-06
-1.407564746472e-07
9.018587519052e-06
-3.953238655807e-05
1.254198549236e-06
4.034953756758e-05
4.634390063863e-07
-3.354443575782e-08
-1.792372638966e-06
-6.229739477471e-08
-6.528887736460e-10
5.369668407054e-08
-5.465583806905e-07
-8.345597504307e-09
5.621696369131e-06
-1.594969246950e-05
2.336073412121e-06
2.071672554949e-05
-2.776633267981e-09
6.384470362945e-09
1.279853497228e-08
7.922528778848e-09
1.636198399863e-09
-8.034628869993e-09
-3.213549347654e-06
-9.510294553123e-09
3.569171796214e-06
1.318512413091e-04
3.546346304717e-06
-9.575276489782e-05
1.726532676200e-06
-1.569093182887e-08
3.300921806010e-06
1.051375319260e-08
-4.988212157482e-09
1.025689494514e-08
-1.171144389723e-06
-1.519383506053e-08
4.839847362484e-06
-4.407144583631e-06
1.948907324437e-06
-1.634575053713e-05
5.598730273836e-07
8.129817328855e-09
-4.585866055634e-08
1.516936846507e-08
-2.467950087131e-10
-2.656159098051e-08
1.410689796488e-06
-3.244170911117e-08
5.764765991666e-06
-1.194280403794e-05
-2.093802974124e-06
2.626018654807e-05
-1.961976106617e-07
2.070661053277e-09
1.610476502342e-06
5.140846158024e-09
1.419802950128e-09
-1.821366527478e-08
1.371353308344e-08
-2.189883195454e-08
4.402056818983e-06
7.473303927730e-05
-1.298264683770e-06
-1.220502282663e-04
3.223902926495e-06
-1.437656860415e-08
3.744473191227e-06
-6.582028708594e-09
-6.023606196552e-09
1.962602101798e-08
4.210715070078e-07
-7.372243200276e-09
3.684812809880e-06
-7.529003357022e-06
7.362353156465e-07
-6.213669479616e-06
1.810352513006e-06
-2.737954500812e-09
1.682680095261e-06
5.709520624298e-10
-9.297860428636e-10
-3.028932589770e-09
3.054915712429e-06
-6.067012702240e-09
4.456793357671e-06
-9.701196073478e-07
-5.459782833206e-07
2.487056203167e-05
1.078509382240e-06
-4.077284127384e-11
3.036078339167e-06
-2.042607081740e-10
3.043216406577e-09
-8.522304215846e-09
1.417530620305e-06
-5.257900270741e-09
3.221141418026e-06
1.610560312816e-05
-3.260695022168e-07
-1.398910345235e-04
4.832858104441e-06
-2.193463934677e-09
3.175749344182e-06
2.066110796231e-09
-4.391503399616e-09
4.579841480883e-09
7.197961827748e-08
2.701221963698e-09
2.332033286484e-06
-1.059881911743e-05
2.014998262785e-07
-2.957751549987e-06
3.921132300732e-06
1.091200834600e-09
1.946318248921e-06
-7.976610076664e-10
-1.537846601541e-09
-3.444234622767e-09
3.316613411319e-06
-3.116351237034e-10
2.365820699199e-06
7.334261013833e-06
-2.966279025986e-07
2.205515733250e-05
3.083549839366e-06
1.482305123449e-09
3.044122765288e-06
-5.258919775347e-10
3.384696827137e-09
-2.651354997314e-09
1.606755600527e-06
2.474705680534e-11
1.297323100758e-06
-4.084664395981e-05
-7.019777719289e-08
-1.316206305390e-04
5.688907950734e-06
3.017236086576e-09
1.675699537904e-06
1.613765513797e-09
-3.315402339096e-09
-7.717840993030e-10
-1.158094170582e-06
4.226497902279e-09
1.627622592579e-06
-1.086147060253e-05
-3.771245970149e-08
1.491545143985e-06
5.602571860136e-06
3.411649367999e-09
5.989142383254e-07
-2.011044682344e-09
-1.573447749681e-09
-2.454876019478e-09
1.983805953801e-06
9.027630831323e-11
7.023704050862e-07
1.364713353115e-05
-1.472503828092e-07
1.663082039419e-05
4.561054168960e-06
2.650096938895e-09
1.618006612064e-06
1.063903895971e-09
3.481854514296e-09
-6.262851050482e-11
3.168749908904e-07
1.013331780017e-09
-9.202959314275e-08
-8.954298242166e-05
3.721650210113e-07
-1.021329019924e-04
5.375292600941e-06
5.857196870652e-09
2.616926250357e-08
7.301106895712e-10
-3.754816667145e-09
-4.053970167482e-09
-2.544423702305e-06
3.710125066788e-09
2.129157739634e-06
-9.077557940912e-06
-5.733691113631e-08
6.179337618807e-06
5.836756356716e-06
1.978094060279e-09
-1.584210520136e-06
-4.288017349833e-09
-1.462979459257e-09
-2.165070943179e-09
-1.513589243758e-07
-1.767853183488e-09
5.085816826748e-07
1.776213801702e-05
-1.861562863523e-07
1.006170184973e-05
4.594468805686e-06
2.102706838842e-09
-4.247007287513e-07
2.145650170125e-09
3.614698564053e-09
-5.401243941851e-11
-1.617133002559e-06
6.663489194271e-10
-6.528669721349e-08
-1.221905201564e-04
5.178357146407e-07
-5.649062265771e-05
4.089109186742e-06
5.873755124206e-09
-8.779583047548e-07
3.580609979521e-10
-4.371857170699e-09
-4.344078498612e-09
-3.206821728912e-06
2.436533539696e-09
3.581676594730e-06
-5.243152557025e-06
4.679155756602e-09
9.580343799477e-06
4.445891083091e-06
-8.230147564665e-10
-3.290303535599e-06
-6.763498080825e-09
-1.127564474641e-09
-5.947059444292e-10
-1.797167569219e-06
-2.253557720837e-09
1.947569513935e-06
1.914749008994e-05
-2.906945884630e-07
2.863174218985e-06
3.174759781464e-06
1.507957512026e-09
-1.856608761668e-06
2.342143408038e-09
3.593948272036e-09
-8.912596172151e-10
-2.962803980150e-06
5.832742851309e-10
1.401516200338e-06
-1.337990378192e-04
6.984500859115e-07
-1.083490918236e-06
2.668166963954e-06
6.682487744397e-09
-5.871910426758e-07
6.323483173719e-10
-5.330929607224e-09
-5.414644342161e-09
-2.648200523434e-06
3.737401269729e-10
5.188706769127e-06
2.436992457278e-07
1.282935826390e-07
1.076039760592e-05
2.261998792360e-06
-3.125551551880e-09
-3.483829658170e-06
-8.956593349797e-09
-7.878079972595e-10
2.682887519350e-09
-1.919264919268e-06
-1.643459290870e-09
4.189837134507e-06
1.794853044290e-05
-4.766807102877e-07
-3.907695834013e-06
1.175865644473e-06
1.619808803538e-09
-1.805269249052e-06
1.305806640985e-09
3.601447250347e-09
-1.520702385630e-09
-2.856665749815e-06
-3.574038046629e-10
3.426236984819e-06
-1.216503304336e-04
7.946556770117e-07
5.506825963486e-05
2.015702355291e-06
7.615231136036e-09
6.282369302492e-07
7.002456084600e-10
-5.764620688551e-09
-7.533430855262e-09
-1.135894487598e-06
-4.299241818929e-09
6.038010842257e-06
5.965321778732e-06
2.877758232458e-07
8.837989193489e-06
6.168414487125e-07
-4.191920171714e-09
-2.033311393269e-06
-9.299925310424e-09
-5.913181088956e-10
7.524008921976e-09
-3.791143234077e-07
-2.205334604386e-09
5.902296077257e-06
1.468146155646e-05
-7.196701568277e-07
-9.690464833692e-06
-1.673613907184e-07
1.248252757375e-09
-3.117639553450e-07
-4.150358801211e-10
3.557991044070e-09
-8.568392536289e-10
-1.337255930449e-06
-3.945072744612e-09
4.778978687106e-06
-8.677833633249e-05
-5.841179118414e-08
1.001476742727e-04
2.534430002083e-06
-3.992773280137e-09
1.965523763121e-06
5.270445667133e-09
-5.793736427705e-09
-3.905199189632e-09
4.492571260901e-07
-3.451950227234e-09
5.696146043828e-06
9.510435878567e-06
4.937290805084e-07
5.170516934105e-06
5.390149197083e-07
-8.183258446195e-10
2.095628547282e-07
-1.454125846969e-10
-1.603078470718e-09
-6.446612146015e-10
1.888983380815e-06
-3.896179490412e-09
6.018399191106e-06
9.658042102137e-06
-2.683383559037e-07
-1.203030876058e-05
-4.922414906164e-09
-5.540299369058e-09
1.703143385607e-06
-2.505641539196e-09
4.177732137344e-09
8.843942674985e-09
7.458769051839e-07
-5.010477906298e-09
4.658819757270e-06
-3.550905974184e-05
-1.821400436317e-06
1.304960929903e-04
4.009832661685e-06
-9.394337574968e-09
2.502706807928e-06
7.353987428740e-09
-5.433276475836e-09
2.200420359160e-09
1.472474797895e-06
-5.342871739474e-09
4.500846087348e-06
1.140946146657e-05
-7.245793369702e-07
-2.279269960909e-06
2.240781151210e-06
-6.790999095690e-09
1.799869829201e-06
1.976455503438e-09
-2.393268016306e-09
-8.839044514548e-09
3.800502442388e-06
-1.919592403833e-08
4.488376513905e-06
2.538189285611e-06
2.812384992322e-07
-2.113473472086e-05
1.524317073448e-06
-7.424500287418e-09
3.009801466051e-06
-1.581393701319e-09
3.933909240598e-09
-9.541340794056e-09
2.030848077057e-06
-1.633424414376e-08
3.117688166654e-06
1.336245803835e-05
2.503085479292e-06
1.255882121760e-04
5.155580946594e-06
6.880264425101e-10
2.260873988487e-06
-1.492319687941e-08
1.064761168706e-09
-2.958888993890e-08
6.839125031857e-07
-2.511896012227e-08
3.183269118344e-06
9.447337468556e-06
5.714951357606e-06
-6.102041489139e-06
3.928629499082e-06
7.720492598618e-09
2.205685552052e-06
-5.305920791057e-09
4.065047624084e-09
-1.177676456268e-08
3.200885965192e-06
8.555406331200e-10
2.345367475587e-06
2.431310695490e-05
-6.000863390756e-07
2.102792683478e-05
3.869864898527e-06
-1.709642569686e-08
2.739078192086e-06
8.025159203471e-08
-4.036687159709e-10
1.364991458626e-07
1.783034850989e-06
6.683179723409e-08
7.072658230283e-07
1.674340995352e-04
-4.336454134403e-05
1.561713538769e-04
9.392232991981e-06
1.885096424583e-08
-3.017367850384e-06
3.226006609195e-07
-3.951074833424e-08
1.646821888312e-07
2.305539113918e-06
1.735315089025e-07
2.501421507014e-06
-9.653412275809e-06
-4.674644229220e-05
-4.201296481571e-05
1.104145667503e-05
-1.338819974291e-07
-5.534915042763e-06
-1.051933057456e-07
-4.229010008784e-08
-1.681857613758e-07
4.436545458018e-06
-1.572155053351e-07
-8.059700634037e-08
-1.771076688821e-04
1.455823373403e-05
-1.474655044405e-04
4.679209413028e-06
-1.450262726461e-07
1.527790095491e-06
-3.882079569308e-07
-2.093180766289e-09
-3.937793948982e-07
6.672716686346e-07
-2.891325523215e-07
9.955950365265e-08
-1.962932877252e-05
6.095448419497e-05
8.632251040001e-05
-1.688889115533e-06
-1.044835563067e-07
8.434352984443e-06
-9.968597838384e-08
-2.433057643752e-07
7.685159802366e-08
-5.694245838007e-06
-1.603670824473e-07
-7.995796315895e-07
1.961492690943e-04
4.958778528099e-05
1.207754872320e-04
3.305493197520e-07
1.036012681202e-06
4.538698950303e-06
4.523068394937e-07
-2.846058439053e-07
2.515763111512e-07
-2.588426963050e-06
-4.209097953151e-07
-1.791788516763e-06
1.322857068716e-03
-1.633560917736e-04
9.206081754705e-05
8.848617068729e-06
6.636925013726e-07
-3.782088080945e-05
2.900171208910e-06
-4.985486618737e-07
2.386688364176e-07
-5.542510732624e-06
1.709408968280e-06
1.168685422504e-05
8.046990084026e-04
-6.079503419442e-04
-5.638839655016e-04
2.053586763999e-05
3.256365546955e-07
-1.254866261469e-04
-1.042325465537e-06
4.581184177898e-07
-2.368005651390e-06
3.873511458608e-05
-9.593355262584e-07
5.345702766933e-05
-1.986502262388e-03
-2.206784596754e-05
7.816761215614e-05
2.705669123230e-06
-1.388044686690e-06
-7.016706167586e-05
-2.537200725562e-06
5.113989520903e-07
-5.891655478622e-08
1.014010443258e-05
-1.118687147003e-06
3.874513406750e-05
1.921487075740e-05
1.481123276381e-05
-2.573487217941e-04
-7.165449845593e-06
-2.201457069434e-07
-1.382704728202e-05
2.906626999841e-07
-1.720829559172e-07
-1.231836848301e-07
7.130367515820e-06
1.146081095426e-06
5.647156885842e-06
-2.738236148702e-04
2.366143209627e-06
3.710183005053e-04
-6.088124421953e-06
-4.848071657531e-07
-2.646544696722e-06
-4.670927886620e-07
-1.942837380751e-07
3.278786236277e-07
9.126091732243e-07
-1.565435583661e-07
3.635173685849e-06
2.119740626276e-04
1.034563430513e-05
-7.225799263547e-05
1.551607586374e-06
2.257619372192e-07
-3.736116330246e-07
2.090457952887e-07
5.829735293556e-09
-6.254297489313e-08
-2.762835267132e-06
-5.468676490409e-08
2.261954081361e-06
5.771976751660e-05
-2.734241874880e-05
-7.282832755077e-05
-2.088348021780e-07
1.072383421475e-07
-7.194876416792e-06
6.273015779111e-08
6.766381133185e-08
-7.762949925916e-08
4.018513956704e-06
-3.234298354819e-08
9.679483969163e-06
-6.607961824848e-06
-2.361024558022e-05
3.460302964439e-05
5.656382244771e-07
-5.085234814834e-08
-2.397237787508e-06
-2.117918696508e-07
5.196874903487e-09
6.001369700715e-08
3.943787788020e-06
-1.308462365150e-07
1.037637856127e-05
-5.054140494454e-05
9.594282905444e-07
5.090243702630e-05
3.455692683267e-07
-3.320169556776e-08
-1.665580073912e-06
-5.841656510754e-08
-4.623171881624e-09
5.956134638318e-08
-6.416870841282e-07
-1.910539434769e-08
5.641740512048e-06
-1.439059362280e-05
3.038541581608e-06
1.922019808628e-05
2.876511665710e-08
7.678998509735e-09
2.452608289345e-08
8.890096496201e-09
7.133853614444e-09
-7.576843788449e-09
-3.411486900912e-06
-1.408368163501e-08
3.405204179215e-06
1.330049902788e-04
2.910109775413e-06
-9.445477329215e-05
1.690391256152e-06
-3.582677887274e-09
3.340802970855e-06
3.425201439426e-09
-3.209891569572e-09
2.172435362678e-09
-1.373323635531e-06
-2.383780365060e-08
4.708086085118e-06
-2.294136253873e-06
1.706937766176e-06
-2.019905799805e-05
5.239313401222e-07
3.927198111587e-09
-2.426731975417e-09
6.613968990164e-09
-2.701699174506e-09
-1.418396486873e-08
1.261678350681e-06
-3.220503087040e-08
5.693948323407e-06
-1.122666466430e-05
-1.479713973796e-06
2.268992424923e-05
-1.342686184913e-07
2.739665121773e-09
1.569033096767e-06
3.239629027091e-09
5.028385575637e-09
-1.926445434295e-08
1.726181750167e-07
-2.324977303747e-08
4.464093004879e-06
7.275378647064e-05
-2.143576001996e-06
-1.187009811402e-04
3.282364312783e-06
-6.793397312736e-09
3.689234534526e-06
-1.421417848845e-08
-5.038491879329e-09
1.488482022317e-08
5.459625213447e-07
-1.925664181716e-08
3.735321122026e-06
-7.459960416175e-06
4.753426013538e-07
-5.484562359714e-06
1.781529429767e-06
-7.751654116710e-09
1.716285887623e-06
-2.360583102688e-10
-2.381425797120e-09
1.099320379649e-08
3.009134470260e-06
-4.877800635363e-09
4.439109694242e-06
-1.139656064832e-06
1.695318666176e-07
2.324883840613e-05
1.091613306235e-06
-7.123760525878e-10
3.025178150205e-06
-1.334081440370e-09
4.814708007854e-09
-8.515587721948e-09
1.433720583311e-06
-7.324136037209e-09
3.229428549032e-06
1.574758782442e-05
-9.437899112456e-07
-1.391897937170e-04
4.863293295268e-06
8.200818327582e-10
3.148521835737e-06
-5.831217353056e-09
-3.350103940216e-09
2.378465263067e-09
1.124886573528e-07
-1.066953095724e-08
2.344777860391e-06
-1.040191091270e-05
-7.666337050173e-08
-2.469992221837e-06
3.917757001747e-06
-2.454642244906e-09
1.952663261632e-06
2.806340609982e-09
-1.915160701347e-09
8.662725425770e-09
3.311806218407e-06
2.250161371894e-09
2.360140328784e-06
7.158319677042e-06
3.476708532755e-07
2.165943914444e-05
3.083728468841e-06
1.748043216205e-10
3.045857720220e-06
-1.283880158871e-09
3.677278291567e-09
-1.444700033215e-09
1.605209004514e-06
-1.130526908218e-09
1.297686461591e-06
-4.117312469486e-05
-6.231435399960e-07
-1.316615385134e-04
5.706216132229e-06
9.047599230425e-10
1.657798370363e-06
-5.048161712002e-09
-2.848596121594e-09
2.805265729997e-10
-1.143633928241e-06
-8.614966925436e-09
1.632319527478e-06
-1.053474270152e-05
-2.791122318732e-07
1.882607064803e-06
5.611259282600e-06
9.556977829494e-10
5.883180293385e-07
5.468950002498e-09
-1.443253982538e-09
6.547816230949e-09
1.989424065970e-06
3.422957578360e-09
7.014807899795e-07
1.380494533354e-05
4.602119716308e-07
1.671332428815e-05
4.552587884312e-06
9.464193727435e-10
1.630156121533e-06
5.818351113407e-10
3.194709594622e-09
1.029897212759e-09
3.105039083913e-07
2.860444850921e-10
-9.447820883821e-08
-8.995777349230e-05
-4.420986294911e-07
-1.023721280923e-04
5.375959068728e-06
-3.045113836235e-09
2.437378013602e-08
-5.026661858238e-09
-3.678568912616e-09
1.568034870133e-09
-2.544336217158e-06
-7.329300013289e-09
2.130409157162e-06
-8.876470383654e-06
-2.676462159435e-07
6.297300681216e-06
5.843068885570e-06
1.133691409558e-09
-1.597638637024e-06
6.419522354884e-09
-1.226748129636e-09
3.347123710411e-09
-1.462427147601e-07
2.373374542160e-09
5.125830140372e-07
1.809762973132e-05
4.401167000805e-07
1.014719522297e-05
4.589794642787e-06
4.631200252876e-11
-4.136208040685e-07
1.385227492608e-09
3.294748448111e-09
1.033419911643e-09
-1.620725374540e-06
3.423946780068e-10
-6.982828135734e-08
-1.224785022523e-04
-2.324852052955e-07
-5.663079375066e-05
4.084216981774e-06
-5.808897223005e-09
-8.686336779016e-07
-3.341500994739e-09
-4.534847799804e-09
2.872166394313e-09
-3.211134485402e-06
-4.221578010611e-09
3.576820704692e-06
-5.319025437822e-06
-1.658832349332e-07
9.567306078533e-06
4.447519261874e-06
1.328218613945e-11
-3.296817191365e-06
5.976006512125e-09
-1.087716322288e-09
4.253111834072e-10
-1.793824777288e-06
2.283610927985e-09
1.951376662647e-06
1.947759028856e-05
3.545919346853e-07
2.831943312478e-06
3.175865678788e-06
-9.203314290184e-10
-1.854115548111e-06
1.161078875623e-09
3.517108808091e-09
5.718574340192e-10
-2.963259612758e-06
8.365156935929e-10
1.399746629102e-06
-1.337424757949e-04
-1.361984331185e-07
-1.263746319410e-06
2.662186499603e-06
-6.921941789385e-09
-5.715505210061e-07
-1.301260451388e-10
-5.671943591980e-09
3.510593255549e-09
-2.658907341150e-06
-8.831607116075e-10
5.174842275594e-06
-2.363420118223e-07
-2.126483629073e-08
1.086557384181e-05
2.260827579450e-06
-3.139937095654e-10
-3.480079671324e-06
3.966947256361e-09
-1.164630258028e-09
-1.568759796220e-09
-1.921165548997e-06
2.489945428501e-09
4.186066634438e-06
1.811293071467e-05
2.041023160726e-07
-3.993973700017e-06
1.180665324185e-06
-7.674761524898e-10
-1.814540226353e-06
4.152963738960e-10
3.910257101092e-09
5.115609288172e-10
-2.849574983543e-06
7.689785652048e-10
3.435959453987e-06
-1.212490000385e-04
-9.232331136646e-08
5.449194224320e-05
2.006700688021e-06
-5.766281389874e-09
6.442831695406e-07
3.278429217121e-09
-6.252442387684e-09
1.588538823703e-09
-1.156391419741e-06
5.338920698099e-11
6.020296841317e-06
5.181608433796e-06
1.233858932475e-07
9.398437621141e-06
6.125539508624e-07
1.488009457781e-10
-2.022538781868e-06
1.177467802622e-09
-1.494891642696e-09
-1.589620525272e-09
-3.930692617774e-07
6.473152702718e-10
5.888188386592e-06
1.462194814941e-05
-1.675289289178e-08
-9.653203390095e-06
-1.581023899618e-07
-4.301231778681e-10
-3.280107166140e-07
-3.475081385845e-10
4.237628684294e-09
1.060081519311e-09
-1.311618158992e-06
-1.893052781130e-09
4.803676218810e-06
-4.361643335154e-05
-1.638945571835e-06
5.020200395495e-05
1.271262899803e-06
5.422006902169e-08
9.730477391369e-07
5.705460971793e-07
4.568756086023e-09
-6.669534056431e-07
2.291204286167e-07
1.479212609066e-07
2.848464527370e-06
4.557952464197e-06
2.001450631909e-05
2.535178725727e-06
2.660144318690e-07
-1.395199867192e-08
1.075389651885e-07
-5.891638264245e-08
-1.687893834479e-09
-3.099854896556e-08
9.333190208297e-07
9.018228350408e-10
3.003644341172e-06
4.347283066740e-06
3.348721834892e-06
-5.314898537417e-06
-2.045578431143e-09
-4.010587838513e-08
8.548495750679e-07
-6.591562521078e-08
-8.466117673675e-10
7.210905771972e-08
3.758389202296e-07
8.181087722878e-09
2.331080532196e-06
-1.770485229952e-05
2.949034254222e-06
6.571722434423e-05
2.028175298792e-06
1.022642831093e-07
1.230041520507e-06
2.267989886465e-07
1.572590885696e-08
-8.721083731395e-07
7.761993766894e-07
8.603533230897e-08
2.269698525637e-06
5.861812548531e-06
2.294679256658e-05
-2.043769970594e-06
1.133836822109e-06
-2.272547232520e-08
8.976796470048e-07
-7.205747243100e-08
6.723864566067e-09
2.251813479908e-08
1.923199233385e-06
2.367929482350e-09
2.248300277965e-06
1.164469032221e-06
2.995545113842e-06
-1.151107510253e-05
7.515649391650e-07
-4.987823945193e-08
1.508015823813e-06
-1.947549881928e-08
-4.423234442982e-09
1.487300423761e-07
1.004251274196e-06
2.749760297511e-08
1.558556121029e-06
5.650645450543e-06
-3.192207341380e-06
6.117934735139e-05
2.523937066060e-06
1.228967539474e-07
1.148848258738e-06
-7.989519714389e-08
-1.791766339928e-08
-8.129573377681e-07
2.873885277100e-07
6.115449800860e-08
1.601866476389e-06
4.031564864608e-06
1.315170934729e-05
-2.532116023399e-06
1.826270236553e-06
-6.584491357820e-09
1.171880977148e-06
-5.466765974388e-08
-3.981297159378e-08
4.720210276788e-08
1.483319959961e-06
1.792915723424e-08
1.186652546414e-06
1.722122410588e-05
5.887262627854e-06
2.219462235203e-05
1.979362882060e-06
3.833448951726e-08
1.370064073027e-06
-2.314443163627e-07
7.068517263357e-09
-2.454473629425e-07
8.656211990515e-07
-4.481989830215e-08
2.762001322135e-07
1.037472877909e-04
6.665421210293e-05
8.953497195142e-05
5.488048858727e-06
-1.423922530808e-08
-2.305943766102e-06
-1.373233690625e-06
3.155641420318e-07
-1.161795929616e-06
1.723864274309e-06
-2.785249781844e-07
1.345599410164e-06
-1.673173800665e-05
9.783539636635e-05
-4.383955591301e-05
6.596343263572e-06
-1.055153121512e-07
-3.901760282910e-06
1.517976447119e-07
3.331314969819e-07
3.972351242458e-07
2.766816012491e-06
5.747641666674e-08
-7.125489923261e-08
-1.171266175501e-04
4.151814247912e-06
-1.125426792713e-04
2.168958616610e-06
-1.674181082977e-07
9.358804697617e-07
1.425069222131e-06
-8.903524812118e-08
1.270708502826e-06
1.890790946345e-07
4.933347221758e-07
-9.705474433462e-09
-7.573307041764e-07
-1.381333932591e-04
5.674459835991e-05
-2.033237337082e-06
6.807807774186e-07
4.611864397691e-06
1.442699211701e-07
-2.077026708977e-07
-6.030839368056e-07
-3.248681454627e-06
-2.737909166184e-08
-1.106578250590e-06
1.116744336300e-04
-2.551232171146e-05
1.108803543560e-04
-5.446422153626e-07
5.440661239274e-07
1.828915536012e-06
-1.879394185906e-06
-1.631008121054e-07
-1.012802792045e-06
-1.608775278230e-06
-8.350135291779e-07
-1.170942820994e-06
9.494404480232e-04
3.972970903820e-04
1.084476702645e-04
5.751004103888e-06
-4.560343696876e-07
-2.649843596031e-05
-1.100187843890e-05
1.475389002197e-06
-7.434143911664e-07
-3.063381880289e-06
-2.357292939491e-06
8.371961595692e-06
2.808819585326e-04
1.315743836017e-03
-3.946000933729e-04
1.418496416172e-05
-3.445597912225e-06
-7.754402309081e-05
-4.018841205721e-06
3.869010747489e-06
6.144875813313e-06
2.731462432060e-05
-1.010079774106e-07
3.303011039524e-05
-1.159567164671e-03
6.435401606641e-04
4.826683444576e-05
1.957583147613e-07
1.985485194350e-06
-3.679566698658e-05
1.372883360654e-05
-2.816186093972e-08
-1.732693371743e-07
3.800775508303e-06
3.596409338772e-06
2.050513508806e-05
4.997038809264e-05
7.195870344862e-05
-1.520850914032e-04
-3.944534722336e-06
-3.939355673075e-07
-7.712546512118e-06
6.982874379627e-07
4.029052213903e-09
1.497963974839e-06
4.419755079699e-06
2.382288769547e-08
3.182217444867e-06
-1.651794260848e-04
-6.889134779926e-05
2.025059915958e-04
-3.592213577720e-06
6.506768229404e-07
-1.780937185957e-06
2.173548256475e-06
1.145598973002e-07
-2.575388934390e-06
8.665245000989e-07
-7.258323790353e-08
1.902495684556e-06
1.220383740028e-04
-1.168659926492e-05
-3.907163306974e-05
6.684009408921e-07
-3.579587669246e-07
-2.388491286850e-08
-1.438008615431e-06
-6.562226579474e-08
4.655738054196e-07
-1.421006942498e-06
-3.775395847656e-07
1.102464203114e-06
3.872569866338e-05
9.670711941876e-05
-4.452273320441e-05
-2.046024797507e-07
-1.174476777660e-07
-4.027241991781e-06
-4.377581586160e-07
1.442944122386e-07
5.204857379020e-07
2.515176684019e-06
-1.045484256172e-07
5.374929153126e-06
-1.647346185404e-05
6.776196913876e-05
2.083382144145e-05
3.034592649476e-07
2.153548822240e-07
-1.534481122207e-06
2.103903520118e-07
1.619596276231e-07
-2.579234256123e-07
2.410648871694e-06
4.559379529137e-08
5.571005642365e-06
-3.101063726998e-05
1.691385353710e-05
2.948831559699e-05
1.386349329778e-07
1.604315333914e-07
-7.992400881009e-07
3.810967225333e-07
-5.648905443095e-10
-3.871297289486e-07
-3.390355951320e-07
3.508913225850e-08
2.836524540142e-06
-7.605779327798e-06
-1.920192161370e-05
8.838345968126e-06
1.685612217346e-08
6.243936562340e-08
2.507899094916e-08
9.495331635551e-08
-2.524560064222e-08
-1.223475992918e-07
-1.788541298007e-06
2.096797967160e-10
1.641503114053e-06
6.695733666416e-05
-3.090446474165e-05
-4.817348315340e-05
8.393974816576e-07
-1.007875362091e-07
1.671806231824e-06
-8.856020696508e-07
-1.739041107851e-08
6.323183738418e-07
-7.455816010437e-07
-3.129277212734e-07
2.312946738724e-06
-3.874316490647e-07
1.479143910040e-05
-1.160037455583e-05
2.525006466590e-07
-2.179280266452e-08
9.171287417660e-09
4.889324815621e-09
-8.692317337792e-09
1.405884640395e-07
5.895989478303e-07
-1.291853262879e-08
2.829199594562e-06
-5.057096556129e-06
-6.052409072770e-07
9.548573688220e-06
-5.354522017969e-08
5.296776143570e-08
7.773889778586e-07
7.538758425873e-08
6.286297484179e-09
-1.362801682098e-07
1.229954474639e-07
-2.495647895397e-08
2.244811648378e-06
3.584764946425e-05
-1.506342531704e-05
-5.927878960579e-05
1.668331773674e-06
-1.435979508379e-07
1.810537550533e-06
-4.682067056684e-07
1.738582796073e-08
7.812117059493e-07
3.263969419128e-07
-2.097986120113e-07
1.888098738897e-06
-3.739700196490e-06
1.596743784173e-05
-2.188528825067e-06
8.857052659289e-07
5.887567204605e-09
8.656715521496e-07
4.414200177225e-08
-8.491999334155e-10
2.769834215352e-08
1.497136520286e-06
-8.666666468254e-09
2.216899448589e-06
-5.452809461598e-07
-2.671791353063e-06
1.077787540557e-05
5.396583434156e-07
4.285055696423e-08
1.517133150758e-06
1.172861143232e-08
-4.105411633517e-09
-1.494905644255e-07
7.080669220714e-07
-3.704428112974e-08
1.614115381002e-06
7.672643207078e-06
-1.469426857667e-05
-7.041309591106e-05
2.446696377116e-06
-2.073507795639e-07
1.552300168010e-06
-9.543384725823e-08
8.136229049410e-09
9.251260292698e-07
7.855172252702e-08
-1.235871496324e-07
1.180587260072e-06
-4.981090135699e-06
1.672734791023e-05
-8.726941171516e-07
1.963204044686e-06
2.931212609480e-09
9.741022208759e-07
6.171977204664e-08
2.158603433546e-09
1.174669183310e-08
1.660376515527e-06
-5.852368196624e-09
1.180100060770e-06
3.572685949499e-06
-1.408902404945e-06
1.047391698381e-05
1.532136593441e-06
2.730524864781e-08
1.532988912855e-06
-4.409763198056e-08
-4.405239740940e-09
-1.450761208221e-07
7.928456065562e-07
-4.886845747157e-08
6.467557855461e-07
-2.105968275096e-05
-1.261806493126e-05
-6.669571022953e-05
2.861885041307e-06
-2.255920762148e-07
8.115610846374e-07
2.821393770684e-07
5.449610070856e-09
8.745167064009e-07
-5.591410436997e-07
-3.026889198535e-08
8.220226824011e-07
-4.953946248387e-06
1.730079054794e-05
1.203357785654e-06
2.813089780344e-06
1.235100075590e-09
2.857920125351e-07
6.197054367753e-08
3.066079301017e-09
-1.368635618065e-08
1.000487576871e-06
-6.710147952791e-09
3.522796033982e-07
6.906678026386e-06
-4.328287281260e-07
8.199343916611e-06
2.265850850073e-06
6.543348865075e-09
8.299829153749e-07
-9.051900701066e-08
-4.789062976153e-09
-1.146669146367e-07
1.469879278251e-07
-5.388925993300e-08
-5.128400819147e-08
-4.579436101569e-05
-1.060894865392e-05
-5.174697924082e-05
2.690952094417e-06
-2.083825133423e-07
3.656786874175e-10
6.058092236983e-07
4.048810419063e-09
6.770419468727e-07
-1.260221546906e-06
5.794570752324e-08
1.072684065404e-06
-4.110102534080e-06
1.787420730260e-05
3.268194602432e-06
2.927196972821e-06
-2.116889951110e-09
-8.082288351116e-07
5.186844284351e-08
2.852512504195e-09
-3.961172603584e-08
-6.856692302067e-08
-6.816156937915e-09
2.599409603996e-07
9.003174085295e-06
5.467381828755e-07
4.969213604022e-06
2.287766620484e-06
-1.471490801477e-08
-1.910198855217e-07
-1.206435746701e-07
-4.737955242841e-09
-7.136151546662e-08
-8.171273022943e-07
-5.049069491919e-08
-4.212112295010e-08
-6.213645813610e-05
-8.699831512807e-06
-2.850155612963e-05
2.044620184539e-06
-1.615689123041e-07
-4.423070836034e-07
8.194302690463e-07
4.243646547398e-09
3.703949461622e-07
-1.593138436884e-06
1.283864549046e-07
1.793482945219e-06
-2.387007898980e-06
1.842309404591e-05
4.765887082911e-06
2.226853317051e-06
-5.697139019637e-09
-1.655051098496e-06
3.034494591996e-08
2.124089954438e-09
-5.872546679801e-08
-8.935188420555e-07
-5.540008703943e-09
9.798131762290e-07
9.582467146149e-06
1.446621237619e-06
1.362566059232e-06
1.584800337451e-06
-3.219670299524e-08
-9.145446945555e-07
-1.306614165050e-07
-4.342729407927e-09
-2.247554015610e-08
-1.488704215076e-06
-3.901204472807e-08
6.909556679907e-07
-6.763949543963e-05
-6.509659867537e-06
-4.595049183653e-07
1.335843154340e-06
-9.173348688766e-08
-2.931001501401e-07
8.901500167930e-07
4.847376048732e-09
9.350426272018e-10
-1.316671866636e-06
1.702404783385e-07
2.589121742963e-06
2.175176071206e-08
1.897853852243e-05
5.315058510924e-06
1.131813933135e-06
-8.706049688333e-09
-1.742873416745e-06
-2.075940628166e-10
1.285793946359e-09
-6.603251334310e-08
-9.587711723962e-07
-3.447199502142e-09
2.095445380250e-06
8.809005665633e-06
2.208130685576e-06
-1.962381606879e-06
5.893713037671e-07
-4.263454457495e-08
-9.003229769297e-07
-1.221697353776e-07
-3.674276249603e-09
2.315336070135e-08
-1.432490006377e-06
-2.270837113903e-08
1.711068265698e-06
-6.112694250768e-05
-4.026480252376e-06
2.756949047879e-05
1.009103566270e-06
-1.362670283726e-08
3.131223992779e-07
8.027230961731e-07
5.149034282411e-09
-3.683460865417e-07
-5.684360989875e-07
1.760325949750e-07
3.009825831519e-06
2.549289426196e-06
1.963309240898e-05
4.583132976854e-06
3.063163845511e-07
-1.116209539163e-08
-1.011244908747e-06
-3.251259813794e-08
6.165349059337e-10
-5.700969833863e-08
-1.972640674481e-07
-1.338430845170e-09
2.944036482290e-06
7.034462223117e-06
2.824997951004e-06
-4.696639651997e-06
-7.968742382354e-08
-4.602128649738e-08
-1.618388173062e-07
-9.958493188595e-08
-2.533727601322e-09
6.107805985327e-08
-6.608439053955e-07
-5.992815702811e-09
2.400511098569e-06
-2.837884317665e-05
5.158751342385e-05
-3.894775687005e-05
7.803539420191e-07
7.090481734817e-09
3.457340285815e-06
-3.734029800837e-07
3.210159600743e-09
-5.139458286007e-07
-8.013577277666e-09
-1.799459433134e-07
2.691707068868e-08
3.306947622428e-05
7.354080541503e-05
2.081212517363e-05
-6.190031945724e-07
2.381307000072e-09
4.327800602403e-06
4.548003818617e-07
-2.566108516020e-09
2.778213057158e-07
-1.067958249811e-06
2.170689411339e-07
-7.007052680962e-07
2.690892698195e-05
-3.165784317365e-06
-1.152075242444e-05
9.077802647878e-07
7.715868628894e-11
1.717834634449e-07
3.440143331547e-07
-8.276284040744e-10
-1.523849513033e-07
8.372156139358e-07
7.092970906928e-08
4.718077566275e-07
-5.533068959107e-05
3.207422270411e-07
-7.703058068803e-05
1.548797980111e-06
3.823698142859e-09
6.939093798706e-06
1.812439254939e-09
-1.758002473753e-09
-1.463876510462e-09
-1.001252641469e-08
3.863205019113e-09
5.218685722691e-08
6.642297817415e-05
-9.731792077409e-08
4.189639761409e-05
-1.229718986903e-06
2.374812186758e-09
8.645057630741e-06
8.958473429494e-10
1.479461156717e-09
6.661900886626e-10
-2.131918820714e-06
1.002540090947e-10
-1.397040725216e-06
5.368712665699e-05
-5.287248962998e-08
-2.308989799647e-05
1.817930539072e-06
8.329788290390e-10
3.399135601017e-07
-4.158942265011e-10
5.255260412579e-10
-4.235723298799e-10
1.673491113249e-06
-4.067642657268e-10
9.430798452179e-07
-5.503242413133e-05
-1.591076204433e-08
-7.681527534534e-05
1.538291034765e-06
-7.354841756708e-09
6.949914085064e-06
1.335117578776e-09
-1.725433061904e-09
3.720688706568e-09
-8.493924293735e-09
-9.963207824368e-10
5.275821830754e-08
6.644009628575e-05
9.171840197777e-08
4.193468411781e-05
-1.230536991644e-06
-2.838300242321e-09
8.644288600817e-06
-6.177869755477e-10
1.442121159414e-09
-2.622766450636e-10
-2.130935911035e-06
1.452346413631e-10
-1.396347175417e-06
5.365749312200e-05
7.806748997989e-08
-2.309626305079e-05
1.818026582562e-06
-6.428963141036e-10
3.398269343316e-07
3.162741305288e-10
5.074574094996e-10
3.905128605469e-10
1.673283860654e-06
4.391040570599e-10
9.430624225146e-07
-2.796594148114e-05
-5.173563107232e-05
-3.875287814947e-05
7.681599427149e-07
-8.413131007420e-09
3.469988810106e-06
3.690601797171e-07
1.097313547451e-09
5.108540186498e-07
-6.406258648128e-09
1.782062607478e-07
2.684434084147e-08
3.314379664619e-05
-7.352360029982e-05
2.086026027849e-05
-6.198934675925e-07
-2.487567780484e-09
4.326861909479e-06
-4.551616934239e-07
-2.526664914318e-09
-2.783840958163e-07
-1.066710311222e-06
-2.172509991501e-07
-6.998927647620e-07
2.688478803001e-05
3.184766550830e-06
-1.153520111108e-05
9.079967125703e-07
-7.844355989111e-11
1.717182556691e-07
-3.438800568141e-07
-9.424342948870e-10
1.524520103931e-07
8.371816222084e-07
-7.081763589463e-08
4.717369652019e-07
-4.182668250799e-05
4.903553035401e-05
-2.479352690356e-05
1.928917114575e-06
-6.725744011432e-08
2.536726273579e-06
-5.538705198656e-07
2.814765412700e-09
-3.312864473182e-07
-7.753736323925e-07
-1.767374907035e-07
-1.013557941122e-06
3.700345539020e-05
7.270381786509e-05
6.347932944531e-06
5.465606988240e-07
8.053367195231e-08
3.761449634516e-06
5.046305631657e-07
-2.029690090361e-10
7.776634566110e-08
-1.573198215227e-06
1.915504267703e-07
-1.812858810280e-06
2.052849254150e-05
-2.788465887950e-06
-2.102816213680e-05
1.196415673213e-06
2.799877656481e-08
-1.157882415693e-07
2.597874164870e-07
7.735901099600e-10
-2.738797748908e-07
5.233932381359e-07
6.857331626781e-08
1.712237212182e-07
-8.315230337884e-05
3.873963361011e-07
-5.008036070474e-05
3.859065751098e-06
7.803829340845e-10
5.086073963614e-06
-4.373330147241e-09
-1.148012199521e-09
-3.408984137728e-09
-1.553279557208e-06
-9.338850366884e-10
-2.039841860089e-06
7.413234947511e-05
2.169161063917e-07
1.258207853129e-05
1.092145308737e-06
1.016405677849e-09
7.530717558969e-06
1.915002216030e-09
1.185599306640e-09
9.817494608065e-10
-3.143022591357e-06
-3.273151867327e-10
-3.628453603800e-06
4.116893258978e-05
8.464652788323e-08
-4.201231089148e-05
2.392394636236e-06
1.638376369052e-09
-2.261133892997e-07
1.831872292986e-09
4.965852877388e-11
4.077398782108e-10
1.046464611221e-06
8.204897919755e-10
3.397641162929e-07
-8.390652106322e-05
8.824782013674e-08
-5.034511975356e-05
3.854221030234e-06
-1.147392808122e-08
5.089429159084e-06
-3.840807536239e-09
-1.477136862623e-09
6.815355458809e-10
-1.561825881166e-06
-5.639340488422e-10
-2.044429082869e-06
7.410353065028e-05
3.600698467077e-07
1.264495310056e-05
1.083115264788e-06
-3.852030779206e-09
7.554752614480e-06
-2.048755693365e-09
1.306854988791e-09
-6.201101641727e-10
-3.140631382493e-06
1.832101051689e-09
-3.640116909660e-06
4.141849934359e-05
2.078926871968e-07
-4.188524663312e-05
2.391566359811e-06
7.331336659264e-10
-2.151874129806e-07
1.875505826469e-09
4.463202625496e-10
5.849792106879e-10
1.048669021609e-06
1.818481787304e-09
3.364095975280e-07
-4.288476859046e-05
-4.891900688969e-05
-2.567912425608e-05
1.923260064338e-06
6.492386603793e-08
2.538919411843e-06
5.652711518958e-07
1.216259887846e-10
3.351689068477e-07
-7.859807619979e-07
1.813231108527e-07
-1.020169328012e-06
3.697934503817e-05
-7.300129488426e-05
6.151615509362e-06
5.358434698990e-07
-8.187729859327e-08
3.789510544614e-06
-5.042102922638e-07
-4.076278297518e-09
-7.824686670441e-08
-1.570419748913e-06
-1.905412234475e-07
-1.827472204371e-06
2.087462004932e-05
2.707597325066e-06
-2.093710265061e-05
1.195488476276e-06
-2.907724301953e-08
-1.025017459759e-07
-2.649463504592e-07
-1.423866811842e-09
2.726400840648e-07
5.259795309930e-07
-6.990877497245e-08
1.661219500603e-07
-4.932772575031e-05
4.714149549755e-05
-6.919758741036e-06
2.128873154611e-06
-1.243494934201e-07
1.135458085760e-06
-6.506524529257e-07
2.481538268418e-09
-9.643662143258e-08
-2.044517260406e-06
-1.430936737878e-07
-1.117050092976e-06
3.564624808524e-05
7.201257056396e-05
-8.174516684764e-06
9.630549683257e-07
1.458787684753e-07
2.596369852588e-06
4.818065071196e-07
-2.822249835304e-09
-1.206168055887e-07
-2.742588259825e-06
1.408636551331e-07
-2.218808043838e-06
1.087743420057e-05
-2.801335130422e-06
-2.724735356130e-05
1.186280024404e-06
5.093420466988e-08
-5.356234350273e-07
1.346098010394e-07
1.109567707096e-09
-3.524778760425e-07
1.005856008043e-07
5.167078728474e-08
1.769862843323e-07
-9.643339546464e-05
4.062890113597e-07
-1.495076208055e-05
4.274321467067e-06
1.773080797761e-08
2.281782303094e-06
7.651615498106e-09
-4.904534238183e-10
-3.062914906188e-09
-4.090474859430e-06
-7.453954167931e-09
-2.257256246176e-06
7.125540573088e-05
-2.496387071001e-07
-1.668108515684e-05
1.934333126146e-06
4.904295762057e-09
5.175733716265e-06
3.187304412370e-09
4.330524199830e-10
5.184431128760e-10
-5.477467463432e-06
-5.937807792044e-09
-4.422852149144e-06
2.161172692500e-05
2.368008121740e-08
-5.451289501062e-05
2.370843420267e-06
2.328655911832e-09
-1.069484005937e-06
5.632043226429e-10
-5.984085815387e-10
-2.418350485145e-10
1.946445026137e-07
-1.729242930115e-09
3.520871118330e-07
-9.483886738200e-05
1.666228916226e-07
-1.533639513392e-05
4.289197783069e-06
9.222738685967e-09
2.300215862010e-06
9.660264223103e-09
-6.007887094307e-10
-9.923668230476e-10
-4.091380629298e-06
-1.697347016601e-09
-2.280719402097e-06
7.121210385236e-05
-2.713867808919e-07
-1.663265808198e-05
1.940323675157e-06
2.145087253932e-09
5.155564083297e-06
-3.982044395395e-09
5.470916563411e-10
-5.939546032742e-10
-5.469946628157e-06
-2.035155897988e-09
-4.404823758858e-06
2.126553641954e-05
1.051224226631e-07
-5.435795154546e-05
2.367619748190e-06
9.612077902874e-10
-1.069359373507e-06
-2.327886259733e-09
-4.996836033574e-12
2.462272081106e-10
1.879879411068e-07
-1.197241817339e-09
3.542493782217e-07
-4.695635218778e-05
-4.750161907799e-05
-7.800519980727e-06
2.147197884146e-06
1.286048381863e-07
1.155575535617e-06
6.267719358713e-07
-1.655206963444e-09
1.021028134931e-07
-2.044229558008e-06
1.273323332908e-07
-1.145228984928e-06
3.571748401492e-05
-7.157637075105e-05
-8.423640587799e-06
9.705511091039e-07
-1.421223680823e-07
2.573074532544e-06
-4.803927282241e-07
3.381106745372e-10
1.205361652995e-07
-2.733112551844e-06
-1.449986663025e-07
-2.198307750778e-06
1.052122914360e-05
2.897727501109e-06
-2.718979478727e-05
1.182776155913e-06
-4.990192616127e-08
-5.354229130100e-07
-1.321861492200e-07
8.745895068320e-11
3.527580287236e-07
9.245307387148e-08
-5.046263366195e-08
1.775988272585e-07
-4.243401925072e-05
4.389468558472e-05
1.309569641450e-05
1.286919638027e-06
-2.192395821339e-07
1.061664232937e-07
-6.175027752447e-07
-1.181783840499e-08
1.813102836253e-07
-2.935622395076e-06
-6.684520214421e-08
-2.058689705887e-07
2.992533852448e-05
7.057657122295e-05
-2.000266561706e-05
4.678618748915e-07
1.708015465172e-07
1.344186491637e-06
3.816469219812e-07
3.169302659398e-08
-2.804382313171e-07
-3.680003106004e-06
8.838351542572e-08
-1.514788226003e-06
-1.801937175923e-06
-2.237761073027e-06
-2.887428622950e-05
8.617714969189e-07
7.153385420804e-08
-8.240994800166e-07
-3.182587846696e-08
1.330894026309e-08
-3.679664687693e-07
-1.992540453614e-07
3.326652720616e-08
5.100586017818e-07
-1.057845225521e-04
-1.021733646285e-06
3.492874244817e-05
2.413909195058e-06
-1.063043234534e-07
1.897456352207e-07
-1.177548972464e-07
4.843762788334e-10
7.107670463497e-08
-5.798663414443e-06
1.251530928231e-08
-1.705985891514e-07
5.634565824150e-05
5.095728909435e-06
-3.958480842871e-05
9.394478294815e-07
-1.165121559771e-08
2.813532752013e-06
2.906727075615e-09
-7.782017959291e-10
2.985580318127e-09
-7.531603542404e-06
2.663045444685e-08
-3.291219195247e-06
-1.067705300700e-07
1.497696363353e-06
-5.996526019928e-05
1.775356237479e-06
2.266848378961e-08
-1.622867086602e-06
3.100547142746e-08
-2.541717881143e-09
-1.763344230322e-08
-4.542503559948e-07
8.249501652744e-09
9.182401047019e-07
-1.285106761151e-04
-1.494173573037e-06
4.886097465646e-05
2.155638954178e-06
-1.227114665788e-07
1.730159161106e-07
-1.258076872286e-07
-4.527451676448e-09
8.085870811933e-08
-5.665799486569e-06
2.434207361318e-08
2.194495957433e-07
5.578827808499e-05
4.849056487972e-06
-3.872072308894e-05
9.545321270310e-07
-1.239762378249e-08
2.996438757928e-06
-9.456055612850e-09
1.515162439247e-09
4.826724109047e-09
-7.767805801541e-06
3.743074007784e-08
-3.672451657276e-06
4.821738360403e-06
1.670824283535e-06
-6.261436629353e-05
1.857095401215e-06
2.054113738925e-08
-1.591846836755e-06
2.237642278001e-08
2.060708512512e-09
-1.333027140906e-08
-5.213503304770e-07
9.709725149502e-09
7.827785441644e-07
-7.713365114659e-05
-3.648283576906e-05
2.958757255030e-05
9.696392261828e-07
3.082933032148e-07
8.306129069540e-08
9.548382160931e-07
1.541428171440e-08
-3.909012416264e-07
-2.776736068369e-06
1.722466474880e-07
2.609981226085e-07
2.609469093271e-05
-7.633572658667e-05
-1.965903779342e-05
4.747872447823e-07
-1.732349233985e-07
1.554926030645e-06
-3.708289835887e-07
-3.380120064959e-08
2.688287341453e-07
-3.962210651281e-06
-4.859188214009e-08
-1.966178367934e-06
4.058995177116e-06
3.807824550569e-07
-3.241852240591e-05
9.533771278277e-07
-1.017452071462e-07
-7.851973711290e-07
-4.155664652200e-08
-1.205695637317e-08
4.112293096654e-07
-2.859540103285e-07
-3.951077696185e-08
3.433365347188e-07
-6.460420116357e-05
3.535598634501e-05
4.087942802914e-05
9.528836523987e-08
-8.757458066583e-08
-2.641529019347e-07
-6.109324815719e-07
3.159235284302e-08
4.075998846711e-07
-2.620929976105e-06
-2.579357375860e-07
1.420293431207e-06
1.159091620871e-05
6.346613839790e-05
-2.544846527784e-05
-8.644973259826e-07
1.892955953180e-07
1.278100892498e-06
2.161259851730e-07
-2.120646484789e-07
-3.913459025177e-07
-4.350492517044e-06
-8.269180786485e-08
-7.445681660819e-07
-9.428327695030e-06
-5.970420010245e-06
-2.703659423397e-05
4.908774920774e-07
2.333227222708e-08
-8.411904187918e-07
-1.345615335147e-07
-6.591725669844e-08
-3.353213575684e-07
-1.598167326770e-07
-6.254844200686e-09
8.499273061372e-07
-4.982731706055e-05
3.788196433322e-06
1.074279790188e-05
5.469743515479e-07
3.912265184491e-07
-7.600554805155e-07
3.556535285157e-07
-4.100547445058e-09
-4.213030666914e-07
-5.776195813133e-06
-5.154910014863e-07
2.319150479922e-06
3.455195678304e-05
-3.489318444915e-05
-6.209086519997e-05
-1.372355866436e-06
2.989853254297e-08
2.109782068715e-06
1.713194488725e-08
-2.143612738526e-08
-3.477766955749e-08
-6.842376185219e-06
-1.658248009941e-07
-2.065721066613e-07
-3.246937861376e-05
-9.221959756469e-06
-3.298979722573e-05
8.398799921347e-07
-1.439039917221e-07
-1.463160601221e-06
-1.014919741939e-07
3.360817908373e-09
1.561377715371e-07
2.433716012027e-07
-1.088711561377e-08
2.057999589122e-06
1.246440172015e-05
3.207818672688e-06
-6.167672789090e-05
8.002208678837e-07
3.802240861213e-07
-8.807593887253e-07
2.999275289377e-07
-8.167723849302e-09
-3.359494116249e-07
-6.232881127369e-06
-5.358334673881e-07
1.731237036814e-06
3.485011167555e-05
-4.207193992144e-05
-6.692062517656e-05
-8.408135074052e-07
5.164564834165e-08
1.335134016908e-06
-1.405028438874e-08
-4.887716655974e-08
-8.056938371461e-09
-3.701605512879e-06
-1.615119741907e-07
1.918515465607e-06
-5.470277947661e-05
-1.029338328033e-05
8.341455575017e-07
5.658588096266e-07
-1.754450350682e-07
-1.054544374866e-06
-1.402941348955e-07
-2.583182764294e-08
2.149350627722e-07
1.129131907881e-06
-3.454336837377e-09
2.610367982433e-06
4.563686245329e-05
-4.400417285403e-05
-5.638071924904e-05
4.615522904363e-07
-3.301580042334e-07
-3.335717268921e-07
-3.006447943535e-07
-1.984088395767e-08
6.366593877965e-07
-3.139147322487e-06
-2.899707636492e-07
7.272943715611e-07
2.694984657048e-05
-1.225865583415e-05
-4.200416082785e-05
-1.756809280442e-07
-1.995642415777e-07
3.549632523680e-07
-2.264153605288e-07
2.972572223682e-07
4.576517367205e-07
-6.252536908219e-07
-9.253091165328e-08
1.768229350055e-06
-3.580331737961e-05
1.756435756265e-05
1.452217414200e-05
1.965056293646e-07
1.698655438187e-07
-3.855118436602e-07
4.674023091149e-07
9.735133834993e-08
-1.787003863515e-07
9.316694171188e-07
-1.226211747009e-08
1.529693200896e-06
4.255982045694e-05
1.657563944457e-04
-1.522109686345e-04
-4.472962947785e-06
7.642304913831e-07
3.773302568624e-06
4.269848564974e-07
-1.899319404150e-07
-1.102103921091e-06
-8.622864020336e-06
-1.158562425250e-07
-1.386856276916e-06
7.370665033316e-05
-5.484412575516e-05
-1.434640942741e-04
4.542377162072e-06
7.858435603149e-07
-1.353135472209e-06
5.436217582577e-07
5.526631204037e-07
-1.582633678178e-06
5.813527595227e-06
3.310978443129e-07
6.501528619983e-06
-7.432267410867e-05
-3.310334657425e-05
1.098795331833e-04
7.382206860896e-07
-3.654815673745e-07
1.467277506889e-06
-9.895709717723e-07
2.089012465847e-07
1.484873992673e-06
3.376199077515e-06
2.383655624980e-07
1.719902274685e-06
2.015118777933e-05
-6.025063631876e-06
6.832877570171e-05
-6.829551317656e-06
-5.514541572269e-07
1.080756474848e-05
-2.716775146168e-07
9.150129933384e-08
2.444346582130e-06
-1.313805821923e-05
5.471946546968e-07
-4.243355346262e-06
8.538619473597e-05
6.773777792989e-05
-2.220042492036e-04
5.964377245447e-06
2.040443625151e-07
-2.548382430131e-06
-4.842053756982e-08
-1.850218246581e-07
1.480376744789e-07
7.170474626310e-06
9.874063056187e-07
9.920093565542e-06
-1.239877312586e-04
2.135372710990e-05
1.510000771018e-04
1.058136501671e-06
3.640164633731e-07
2.131739421192e-06
1.960421048868e-07
-7.941983307951e-08
-4.580925405977e-07
4.930562583114e-06
-2.983587987592e-08
3.089456234154e-06
-1.642056708151e-05
-4.998243650703e-06
4.354920576024e-04
-4.262984153082e-06
-3.816444873946e-07
1.514613039991e-05
-1.385264812383e-07
-5.907605593867e-08
1.843531459673e-06
-7.341939516844e-06
3.564113648065e-07
-6.102281406765e-06
8.206426891990e-05
3.237271594687e-05
-1.932179432360e-04
3.005804486454e-06
1.918065090337e-07
-2.751293997759e-06
2.661654447463e-08
-1.833055848286e-07
1.268534376805e-07
3.019028197747e-06
7.540896467212e-07
6.626391044055e-06
-9.405773524265e-05
1.189948660296e-05
8.255183053341e-05
7.789612785153e-07
2.213544692154e-07
1.220521779315e-06
1.484698972711e-07
-2.880417308370e-08
-2.365026062721e-07
3.085574224958e-06
1.431443915949e-08
2.746112787769e-06
-2.902860702123e-05
-5.762928503744e-05
3.372978578046e-04
-1.207383818066e-06
1.305516179346e-06
9.142661216329e-06
1.412299018078e-07
1.484235587847e-07
-4.821161143358e-06
-1.696213823760e-06
-4.201062378339e-07
-3.701939434638e-06
2.362717117872e-05
-2.316867586711e-05
-8.739615412200e-05
9.035077946771e-07
-2.519059306882e-07
-1.611685734711e-06
-4.952014507938e-07
-9.808072321442e-08
1.195978342824e-06
9.704656035681e-07
5.246449578513e-07
2.592154344603e-06
-3.972145110673e-05
9.328589936918e-06
2.736401274905e-05
3.213658592158e-07
6.580876136331e-08
4.548598073363e-07
5.141538207036e-07
-6.269848183880e-08
-5.200030966925e-07
1.133145701002e-06
1.754527658752e-08
1.257030646463e-06
9.402688967070e-06
8.118184421162e-05
5.955242820270e-05
-1.716241149147e-06
-1.526663112771e-07
2.270698569494e-06
1.285548618546e-07
4.211125906206e-08
3.948916788104e-07
-2.182308475227e-06
-2.970227343641e-07
8.617308760662e-07
-2.377004211940e-05
-6.990229029714e-06
-7.252293947131e-05
-1.686165544124e-07
3.492303960974e-07
6.796367471287e-07
-3.284604346675e-07
-3.600560086778e-07
-1.047053602528e-06
2.160043390354e-07
-4.883674248310e-07
8.407175573124e-07
-4.319269250444e-06
-2.786342622543e-05
3.914453081351e-05
1.287869397081e-06
-2.448711391438e-07
-1.031558964586e-07
-5.087817482000e-08
-1.086236681730e-07
5.448089410379e-07
1.269105789162e-06
2.263560343157e-07
3.457504285768e-07
1.940536797081e-05
7.214759693319e-06
3.319015935154e-06
-3.446103505962e-06
-1.865775969827e-07
4.379391465253e-06
-1.663266013655e-08
-8.404425638575e-10
-5.088572341786e-07
-4.755451207857e-06
-5.910359519847e-07
1.682282279691e-06
-5.779860933688e-05
-4.942621428349e-05
-1.731986134207e-04
1.955462997271e-06
-3.262437540165e-08
-5.340089640583e-08
-2.608989820821e-08
9.108731624846e-08
-5.523819666088e-08
3.154644298800e-06
-2.092494337586e-07
1.789523572622e-06
2.180872609496e-06
-1.255362691810e-05
1.161304879510e-04
3.328713500765e-06
-1.660747486378e-07
-9.563681889475e-08
7.914662214037e-08
2.957301182568e-08
2.765060845807e-07
3.129304915528e-06
1.284371145468e-07
2.414635660761e-07
1.744047800803e-05
5.177613789255e-06
-6.110919461417e-05
-3.342285816420e-06
-1.725936828017e-07
4.303101389501e-06
-1.922511124255e-09
-1.554961549419e-08
-1.822040673181e-07
-5.006163412309e-06
-3.536984360198e-07
1.345457191564e-06
-6.146249988018e-05
-3.287961933990e-05
-1.809263271754e-04
4.593178860888e-06
-4.587463917829e-09
-1.726017572909e-06
-1.166258652347e-08
9.030128003490e-08
-1.268502894064e-08
6.340466903776e-06
-1.511869540428e-07
1.843864955701e-06
1.571840265707e-05
-8.130509315497e-06
1.591256131962e-04
4.206079816763e-06
-1.175588258811e-07
7.173525513752e-08
6.008507872615e-08
1.489257892623e-08
1.877750933807e-07
3.770301224966e-06
7.906764965837e-08
-3.374907345720e-07
1.481977301807e-05
-7.669175556780e-05
-4.231529467692e-05
-1.521692919852e-06
-4.210388695836e-07
2.159303551934e-06
-1.018749867545e-07
-1.785967684077e-08
5.644668545592e-07
-2.532634062712e-06
1.922868782310e-07
4.743425851740e-07
-3.406510750221e-05
6.715575037715e-05
-9.745693421850e-05
2.918168503374e-06
-4.370223631282e-07
-1.310408002403e-06
3.795080298804e-07
1.618234867195e-07
1.146032970783e-06
3.927997355754e-06
3.687663134400e-07
9.212169870243e-07
1.101319551604e-05
4.017526836100e-05
8.999221835389e-05
2.318093114182e-06
3.785112634223e-07
5.992189362475e-08
-1.393737489537e-07
5.623754729447e-08
-1.184646312388e-06
2.049080560140e-06
-3.723657148977e-07
-3.114658648059e-07
1.246573269868e-05
6.778501069551e-05
4.425203315472e-05
-1.363333636765e-06
-8.319436923701e-08
3.784016019753e-06
1.834772732849e-07
-7.602827671688e-09
6.106229753015e-07
-8.936717433530e-07
1.910312617032e-07
1.253712761872e-06
-2.399650496360e-05
8.039782988371e-05
-3.735186906885e-05
-2.136947487517e-06
8.770807401460e-08
3.824601469855e-06
-3.387304880865e-07
1.742063302925e-08
-5.050592620303e-07
-1.443708718294e-06
-2.182021075230e-07
6.203381675343e-07
-3.148455954848e-05
-2.621607518028e-07
-3.403179327652e-06
3.870408083089e-07
4.530908091893e-08
2.386684833789e-07
-3.902098058559e-07
4.290195099524e-09
-2.903043096723e-08
8.022585410431e-07
-1.069982939942e-07
9.470254536465e-07
3.242690286054e-05
-9.181776852998e-07
9.984504295178e-05
-2.591980096289e-06
-1.468952852949e-08
7.518510137763e-06
5.143620983197e-08
-1.319938112574e-09
7.834393514104e-08
-1.795388918346e-06
5.543391318003e-08
2.395751636344e-06
-4.783928031707e-05
2.665730095585e-06
-7.424269404425e-05
-4.403775010964e-06
2.671705503994e-09
7.755591871116e-06
-1.185250368230e-09
-3.239341838952e-09
-4.870789445605e-10
-2.966740764874e-06
8.616833713554e-11
1.244065778998e-06
-6.402906658402e-05
6.092309621458e-07
-8.274976463052e-06
7.387061028936e-07
1.983085316661e-09
4.942784659003e-07
-7.902597099711e-09
-5.014165985055e-10
-1.108900266858e-08
1.604413265400e-06
-1.065448266884e-08
1.920952318273e-06
4.157645153512e-05
-1.459160068910e-06
1.119881180865e-04
-2.373019680329e-06
-1.356783123344e-08
7.414700206707e-06
4.859421517327e-08
-4.665422541389e-09
5.329280031326e-08
-1.808727659858e-06
5.558868928365e-08
2.228076413265e-06
-4.765647027254e-05
2.032690506925e-06
-7.439356217244e-05
-4.567821289957e-06
9.172004550350e-09
7.876308011483e-06
1.674864611692e-09
-2.704671065395e-09
-1.299105213595e-09
-3.053871384042e-06
1.763869554298e-09
1.251791635006e-06
-6.515662881737e-05
6.039127770414e-07
-1.012923418584e-05
6.925945765783e-07
4.177930556813e-09
5.172857167091e-07
-5.499229160206e-09
1.064892455621e-10
-8.572973538370e-09
1.602469937329e-06
-8.027111644341e-09
1.959091883003e-06
2.357209999024e-05
-6.380435015260e-05
6.196070624408e-05
-1.100868434830e-06
1.125096810392e-07
3.659141863194e-06
-3.219319043547e-07
1.490053087788e-08
-7.930443553463e-07
-9.073678883262e-07
-2.560156064226e-07
1.050681943420e-06
-2.426064056222e-05
-8.309679070125e-05
-3.652825259036e-05
-2.329601020256e-06
-8.343899216633e-08
3.968415439955e-06
3.374700609120e-07
-1.320778983286e-08
5.072132292725e-07
-1.545044463293e-06
2.176696823060e-07
6.246331183878e-07
-3.297958025459e-05
-2.336864284937e-07
-5.471971504731e-06
3.335266949230e-07
-4.717934448775e-08
2.680135887904e-07
4.089941132529e-07
-4.772758102555e-09
5.575602752850e-08
8.014667930860e-07
1.169723585551e-07
9.891025421642e-07
1.948870280788e-05
6.954081706549e-05
3.432283306587e-05
8.776005392072e-08
-1.739659313011e-08
4.424011644536e-06
2.480581440969e-07
-1.352399823237e-09
4.474304365083e-07
-7.415439252239e-08
9.889976704637e-08
-3.592478134428e-08
-3.780733951969e-05
7.958190490629e-05
-2.448532808049e-05
-9.203263777695e-07
-5.730751602071e-09
4.684509614129e-06
-5.215762724752e-07
-8.169683048227e-09
-3.280824643744e-07
-1.057088907178e-06
-2.500320039810e-07
-6.986716614094e-07
-2.933249817518e-05
-2.217612108778e-06
9.358971039305e-06
8.519549871153e-07
-8.074643369546e-10
2.349773084228e-07
-3.761736229610e-07
-2.146787265147e-09
1.241749579565e-07
8.659892301009e-07
-8.668519557220e-08
4.975331966897e-07
3.561939766523e-05
-3.994175666408e-07
6.633792225122e-05
1.785883599110e-07
-2.098087415573e-08
8.849731491009e-06
-8.802961402952e-09
-1.933154960177e-09
-4.188614731752e-09
-1.282478799867e-07
-8.968225773902e-09
-6.208454712570e-08
-7.607838950391e-05
-9.468084888662e-07
-4.922351894287e-05
-1.795458040986e-06
-8.088708229058e-09
9.311181741109e-06
4.117350815218e-10
1.850418175794e-09
3.784410806105e-10
-2.101378669065e-06
1.035758039509e-09
-1.386203993688e-06
-5.801842907272e-05
-2.307347715487e-07
1.915471568756e-05
1.716335761568e-06
-1.807757452633e-09
4.545168119868e-07
4.055141384984e-09
6.788025758340e-10
3.166343984641e-09
1.726706309468e-06
3.536093124521e-09
9.907741156790e-07
3.403095377013e-05
-7.187592373189e-07
6.509446260290e-05
1.910714206325e-07
-9.328490107036e-09
8.827584492469e-06
-8.439453934577e-09
-1.188934586013e-09
-9.161615114554e-09
-1.107666937095e-07
-4.340965172399e-09
-4.966236376628e-08
-7.589743670911e-05
-7.183321978341e-07
-4.907516717966e-05
-1.744779555256e-06
-3.715326266672e-09
9.243007816094e-06
1.460527222872e-09
1.885208805082e-09
1.455037604617e-09
-2.091791644344e-06
1.104672225022e-09
-1.378096678576e-06
-5.725306919423e-05
-1.083127287805e-07
1.965538117581e-05
1.729726622475e-06
-1.054622509231e-09
4.362822776284e-07
3.228608614914e-09
3.660787813288e-10
2.166736462559e-09
1.718781005184e-06
2.718671386780e-09
9.851366749580e-07
1.679258300789e-05
-6.943506237890e-05
3.197744174924e-05
1.014604526169e-07
-6.094099883200e-10
4.399736889301e-06
-2.241774329831e-07
4.989263317804e-09
-4.289303890221e-07
-5.080345883904e-08
-9.003672743632e-08
-1.855990552284e-08
-3.791485054281e-05
-7.848277445335e-05
-2.456047259305e-05
-8.610617052341e-07
-1.597638085704e-09
4.605145937249e-06
5.189694534389e-07
2.617431434657e-09
3.257464996075e-07
-1.045191851678e-06
2.497868180452e-07
-6.874391918133e-07
-2.847923567004e-05
2.517686330251e-06
9.970263610395e-06
8.681522957717e-07
-2.097188493939e-10
2.134202296330e-07
3.661827074082e-07
6.108852207808e-10
-1.315949113734e-07
8.582604179969e-07
8.222862503081e-08
4.914754026047e-07
3.133336550826e-05
6.590186672462e-05
2.355005171178e-05
1.631241245818e-06
4.115314048739e-08
3.549343815986e-06
4.150742790975e-07
-1.442332459346e-10
3.092837557329e-07
-7.747288306937e-07
1.124432034995e-07
-1.462088878120e-06
-4.204437041879e-05
7.809738741443e-05
-7.863581139286e-06
4.513443158555e-07
-8.991422888692e-08
4.085226256751e-06
-5.742107964620e-07
-9.618949563907e-10
-9.986571075041e-08
-1.463507584858e-06
-2.160903307701e-07
-1.950268481386e-06
-2.350561861163e-05
-1.488380033489e-06
2.017216866677e-05
1.187247798741e-06
-3.609493552216e-08
-2.824908425486e-08
-2.966926471495e-07
-6.221289347296e-11
2.623487555834e-07
5.537561217413e-07
-8.727072218976e-08
1.464323042138e-07
6.258264863349e-05
-5.827361624203e-08
4.679492990648e-05
3.266672768441e-06
1.286758227540e-09
7.093753855101e-06
7.604752679820e-09
-1.220557180666e-09
3.527063723117e-09
-1.552770971382e-06
2.587310069573e-09
-2.925534299567e-06
-8.411576074819e-05
9.009853197161e-08
-1.592896967858e-05
9.038777906960e-07
4.058319846116e-10
8.172043011375e-06
-2.107672754689e-09
1.173300261030e-09
-8.449182606817e-10
-2.927679750116e-06
-2.788819566690e-10
-3.898691262164e-06
-4.697295567551e-05
-4.027908916473e-08
4.028291155271e-05
2.374015172384e-06
3.557360839732e-10
-5.726359544243e-08
-6.541075726378e-10
2.294317278387e-10
-1.216448503884e-10
1.107378422595e-06
-2.446879879159e-10
2.933674026917e-07
6.387502645715e-05
-3.462964667716e-07
4.698315921874e-05
3.264769719685e-06
1.399187150404e-08
7.068565007585e-06
6.137714848524e-09
-1.220017969042e-09
-1.494289670841e-09
-1.565396464038e-06
1.943316428406e-09
-2.916497811839e-06
-8.414984954478e-05
2.173568112014e-07
-1.592071694726e-05
8.982235619372e-07
5.452417487271e-09
8.184165011747e-06
1.742332339535e-09
1.402355482769e-09
7.073476535405e-10
-2.929697769576e-06
-2.540272136961e-09
-3.904457735828e-06
-4.713307714153e-05
8.734786282018e-08
4.026763722376e-05
2.373303516439e-06
1.079861406084e-09
-5.541824352382e-08
-6.340805204912e-10
3.609639624367e-10
-3.045447971497e-10
1.110407051833e-06
-1.196434992869e-09
2.928240699131e-07
3.308397051609e-05
-6.556066049858e-05
2.370758450870e-05
1.629556806921e-06
-3.754867823603e-08
3.520075058147e-06
-4.341271923144e-07
2.771952443799e-09
-3.121577835254e-07
-7.890728335797e-07
-1.206961342734e-07
-1.450776109266e-06
-4.198028517697e-05
-7.829746234822e-05
-7.902913717668e-06
4.445650125696e-07
9.319748179037e-08
4.100091403454e-06
5.746235868344e-07
-3.246682262707e-09
9.994185848025e-08
-1.466414059644e-06
2.147642106139e-07
-1.957339428129e-06
-2.368469963311e-05
1.462433337643e-06
2.012750214969e-05
1.186321262584e-06
3.631512365435e-08
-2.567400292507e-08
2.984983129452e-07
-6.070520524334e-10
-2.616683569042e-07
5.570477391596e-07
8.774816013134e-08
1.458562321600e-07
3.985735181473e-05
6.338868534370e-05
9.411980322685e-06
2.157319200530e-06
8.862382549807e-08
1.921958648420e-06
5.280514495945e-07
6.262817155706e-10
1.234414354427e-07
-2.243293496134e-06
9.453182598752e-08
-1.872261909284e-06
-4.073696245306e-05
7.760125668884e-05
8.710089272591e-06
1.020653791351e-06
-1.610267814150e-07
2.840740256232e-06
-5.515965997969e-07
-8.923748233930e-10
1.262046324945e-07
-2.710439284094e-06
-1.613779569902e-07
-2.503836294971e-06
-1.407544078623e-05
-1.360646366656e-06
2.766445969334e-05
1.217793992836e-06
-6.675130192026e-08
-4.650373405892e-07
-1.752360381022e-07
3.166733682048e-10
3.570177800781e-07
1.039901196071e-07
-6.731295901894e-08
1.070359687142e-07
7.922044017734e-05
1.527788318044e-07
1.880657728776e-05
4.319093222076e-06
3.622424520097e-11
3.846056510703e-06
3.644338063041e-09
-7.038594365342e-10
9.485672234667e-10
-4.490143023440e-06
2.480088835853e-10
-3.751536047055e-06
-8.143047778902e-05
9.103720336977e-08
1.729450412411e-05
2.043750717044e-06
-1.000826607018e-10
5.682750510639e-06
-4.072427735584e-09
9.191080809877e-10
-4.842523088793e-10
-5.420195233425e-06
7.316922251823e-11
-5.007226575741e-06
-2.817501309179e-05
-6.958422489112e-08
5.527612273278e-05
2.435538595444e-06
1.248503430488e-10
-9.292650012694e-07
-1.568028541862e-09
-4.623979703362e-11
1.123824109944e-10
2.082824782715e-07
-2.273337695423e-10
2.136254130363e-07
7.972834791039e-05
-8.699723900286e-08
1.870309026862e-05
4.313825216718e-06
1.037459253674e-08
3.846606836600e-06
1.711467465687e-09
-5.068435328469e-10
-2.007502030062e-09
-4.494040435333e-06
-5.555835827692e-09
-3.749791074823e-06
-8.153315590879e-05
1.161922491409e-07
1.733659938694e-05
2.042303299583e-06
3.151467965144e-09
5.690485084720e-06
2.852683449867e-09
9.976953769264e-10
7.242805839130e-10
-5.421970945630e-06
-4.488222807377e-09
-5.014201129736e-06
-2.825982955033e-05
3.927613000098e-08
5.530879977956e-05
2.436027973161e-06
1.146469809349e-09
-9.296674793716e-07
1.065870313993e-09
-1.601855571740e-10
-2.263269178191e-10
2.108568651535e-07
-9.602622600623e-10
2.130788845157e-07
4.059566091432e-05
-6.337205617760e-05
9.129195824964e-06
2.151322078088e-06
-8.575635068102e-08
1.923226353425e-06
-5.354539863434e-07
1.483673069222e-10
-1.219906363893e-07
-2.248115173836e-06
-1.007373599296e-07
-1.870132312246e-06
-4.083590056609e-05
-7.774729782367e-05
8.651652699448e-06
1.018742808325e-06
1.635077715040e-07
2.850092464830e-06
5.532942047910e-07
-2.376816285173e-09
-1.266304020168e-07
-2.712907091904e-06
1.594729407729e-07
-2.512042930714e-06
-1.417182936826e-05
1.353022085527e-06
2.766276882400e-05
1.218329830903e-06
6.693922765577e-08
-4.653673630629e-07
1.759605045633e-07
4.828960047406e-10
-3.567674616953e-07
1.071791876491e-07
6.744432633099e-08
1.068199451797e-07
4.097612496672e-05
6.143453572958e-05
-7.129294239336e-06
1.433088910587e-06
1.240195163932e-07
5.012770749828e-07
5.442139853754e-07
-2.475268627446e-11
-9.551075138301e-08
-3.557165664236e-06
5.613717574725e-08
-1.069258830476e-06
-3.389403443233e-05
7.651922841431e-05
2.338197415545e-05
5.404078964016e-07
-2.073881744805e-07
1.548787979696e-06
-4.529658897140e-07
-4.255840184592e-10
3.240136134587e-07
-3.940256709864e-06
-8.655181167835e-08
-1.972715967388e-06
-1.823491038319e-06
-1.567442669401e-06
3.060804738143e-05
9.183465033012e-07
-8.377275424560e-08
-8.084224553604e-07
-1.618534358416e-08
1.355041211898e-09
3.919146159919e-07
-2.270686820871e-07
-3.563173039440e-08
4.136642065534e-07
8.161728593208e-05
1.884519902740e-07
-1.403174797340e-05
2.870622021047e-06
-9.773484477873e-10
9.988670143045e-07
1.571620863723e-09
-1.447265254496e-10
1.930228776836e-10
-7.120640570353e-06
1.856713847537e-09
-2.143397571921e-06
-6.748008965644e-05
2.140299237985e-07
4.651678686578e-05
1.085318870659e-06
3.526868925977e-10
3.099613014561e-06
-6.349122637795e-09
2.109560546435e-10
7.841120200510e-10
-7.885173185341e-06
1.939226665727e-09
-3.951874068887e-06
-3.853893359072e-06
-3.929840318844e-08
6.132707448459e-05
1.838712908848e-06
-1.499654370552e-09
-1.613216776744e-06
-4.972255684282e-09
-7.096516249795e-10
2.511620381237e-09
-4.591352217731e-07
6.648431219381e-11
8.202768526376e-07
8.185839419658e-05
-6.557165310409e-08
-1.417184507575e-05
2.868619878498e-06
5.333701108070e-09
1.001376441098e-06
9.803629797073e-10
-3.640117344319e-11
-1.659698810027e-09
-7.122892986778e-06
-7.672749114249e-09
-2.144602298789e-06
-6.751436227814e-05
-3.021984639457e-08
4.655216981079e-05
1.085666848441e-06
4.429193190180e-10
3.103582509083e-06
5.872599232425e-09
2.316479822245e-10
-4.920025883557e-10
-7.889594539741e-06
-5.112257861544e-09
-3.959365600591e-06
-3.933914619628e-06
4.611952506604e-08
6.139149136637e-05
1.839942690780e-06
1.580077567030e-09
-1.613357903856e-06
4.261827258017e-09
-7.782798970722e-10
-2.181916000090e-09
-4.589061617090e-07
-1.101054252865e-09
8.183467756230e-07
4.134645051789e-05
-6.144927129834e-05
-7.420898494377e-06
1.430619182332e-06
-1.235568570440e-07
5.046709005267e-07
-5.477206557469e-07
-8.657575678803e-10
9.752470846950e-08
-3.560089780964e-06
-6.046328587047e-08
-1.070681833061e-06
-3.392840446897e-05
-7.664675038938e-05
2.335451334878e-05
5.405934194200e-07
2.082281273813e-07
1.553571478609e-06
4.536276779565e-07
-1.655332608274e-09
-3.244793381845e-07
-3.945557611381e-06
8.481275570101e-08
-1.981447879261e-06
-1.924497022562e-06
1.537687642420e-06
3.066123267619e-05
9.198402133889e-07
8.422691077353e-08
-8.083986528908e-07
1.719918864452e-08
1.297365407407e-09
-3.923223299624e-07
-2.265999409593e-07
3.576220817878e-08
4.115536600545e-07
3.578678944437e-05
5.976794484992e-05
-2.331986976405e-05
-1.035426894138e-08
1.431442490503e-07
5.968981251986e-08
4.763277432129e-07
9.466532969250e-11
-3.105647676492e-07
-3.904837084859e-06
5.227815106285e-09
4.459607398512e-07
-2.240099305591e-05
7.562803901790e-05
3.474756626027e-05
-6.786102725887e-07
-2.262118645256e-07
1.022347758439e-06
-2.915947348288e-07
-1.038098069047e-09
4.732670450004e-07
-4.434857832699e-06
-8.956594098232e-10
-7.231238390433e-07
1.059437098155e-05
-2.163701985070e-06
2.813746433031e-05
4.792983796047e-07
-8.260683198310e-08
-8.397597966322e-07
1.446945319365e-07
1.925634659122e-09
3.550385563168e-07
-2.157955743709e-07
-1.363632848128e-09
8.754798199816e-07
7.123372702882e-05
3.421866786279e-07
-4.601438074807e-05
-2.031686227111e-08
-1.144799027640e-09
1.127568844075e-07
-2.124389050415e-09
-7.689171279865e-10
2.783532385164e-09
-7.827766443091e-06
5.365752137616e-09
8.857317301903e-07
-4.457139275783e-05
3.822385254733e-07
6.916435832937e-05
-1.354932198469e-06
1.701309770662e-09
2.041817886419e-06
-1.150012166864e-08
-3.379954675671e-10
6.758964190743e-09
-8.883840243067e-06
4.768621242244e-09
-1.453930542610e-06
2.097861432416e-05
-9.409714877844e-08
5.660525176354e-05
9.579670700317e-07
-3.054569505241e-09
-1.677328270011e-06
-9.222577709335e-09
-1.108362409738e-09
1.002649134694e-08
-4.454351071638e-07
1.932750899699e-09
1.742337763049e-06
7.126739528135e-05
-2.756679847304e-07
-4.603995880355e-05
-2.051394829244e-08
1.314235348727e-09
1.130134992126e-07
2.472660885506e-09
-7.507858507861e-10
-3.040652964061e-09
-7.829802229242e-06
-7.619404429084e-09
8.847873488955e-07
-4.457044815998e-05
-3.178416614157e-07
6.917376481564e-05
-1.355235656139e-06
-1.810969560306e-09
2.042161201177e-06
1.146956678764e-08
-3.542664033668e-10
-6.691834154160e-09
-8.886570365628e-06
-5.869535634876e-09
-1.456188201321e-06
2.095460943421e-05
1.008479990719e-07
5.664754249706e-05
9.581888484906e-07
2.891285391116e-09
-1.677645355906e-06
8.970004032301e-09
-1.122167231244e-09
-9.736371214418e-09
-4.461694195007e-07
-2.293671787659e-09
1.741504832418e-06
3.583699671703e-05
-5.979080941953e-05
-2.341204363476e-05
-1.063981159384e-08
-1.432935240274e-07
6.025302214777e-08
-4.767951252028e-07
-3.521335959308e-10
3.109125876977e-07
-3.907280896046e-06
-6.679418498935e-09
4.448134975940e-07
-2.240335804869e-05
-7.567626211481e-05
3.472567294482e-05
-6.790267763405e-07
2.261890515638e-07
1.022809767690e-06
2.916321145165e-07
-1.450740614885e-09
-4.733852937619e-07
-4.438002252126e-06
2.095773688847e-10
-7.257375558665e-07
1.056085017264e-05
2.143303162465e-06
2.817874818785e-05
4.796097250736e-07
8.287786085217e-08
-8.400055905344e-07
-1.443266709634e-07
1.870772757722e-09
-3.554256863514e-07
-2.166002100066e-07
1.330386405789e-09
8.744786333027e-07
2.438557249410e-05
5.839436898475e-05
-3.646027413431e-05
-1.265683636616e-06
1.412542382744e-07
7.875432908322e-07
3.226840290861e-07
8.722431759697e-10
-4.822892805070e-07
-3.095498749092e-06
-5.115511653485e-08
1.765064122417e-06
-7.363967422645e-06
7.504610054879e-05
4.101732420550e-05
-1.877982786730e-06
-2.112195611597e-07
1.528062547302e-06
-9.074761033085e-08
-1.975629187517e-09
5.579465768494e-07
-3.913333080943e-06
8.875547889041e-08
4.954641773425e-07
2.075114721506e-05
-2.998754007695e-06
2.097385762876e-05
1.806630989389e-07
-6.871497960483e-08
-5.491703661684e-07
2.704990140300e-07
2.804440553716e-10
2.632635038938e-07
1.214094624417e-07
2.787194479598e-08
1.199418559724e-06
4.856610461015e-05
1.905096973959e-07
-7.181431278500e-05
-2.538976400509e-06
1.950010619277e-10
1.569981185794e-06
1.263168707111e-09
-1.015692572976e-09
1.044085378511e-09
-6.204064190585e-06
5.986575544968e-09
3.534708213106e-06
-1.472642766711e-05
4.254773087605e-08
8.201933760851e-05
-3.753067881983e-06
1.727580860300e-09
3.053537983844e-06
-2.888069838402e-09
7.629013218222e-10
4.517704329447e-09
-7.824026516221e-06
2.771670101758e-09
9.944258776156e-07
4.149265084526e-05
-7.239879238631e-08
4.197766362075e-05
3.600929119238e-07
-2.009166923618e-10
-1.096447034192e-06
-1.407932405319e-09
-1.677044435719e-10
3.642174806868e-09
2.406016440278e-07
1.163923839259e-09
2.397098993770e-06
4.854729479820e-05
-1.875769390431e-07
-7.172190653635e-05
-2.539150947955e-06
-8.321973112062e-10
1.568831778182e-06
-1.456834222051e-09
-1.022045112682e-09
-5.301216589185e-11
-6.205314195889e-06
-5.707384168652e-09
3.535206450392e-06
-1.471708716484e-05
-7.002367416351e-08
8.201340013294e-05
-3.752598298242e-06
-1.747605786539e-09
3.053487808069e-06
2.962788301047e-09
7.384204851683e-10
-4.612164477755e-09
-7.823113282461e-06
-2.898768535058e-09
9.947535232233e-07
4.149463377617e-05
6.230952706995e-08
4.197895952120e-05
3.600459483346e-07
2.782742879091e-10
-1.096306463472e-06
1.395116338318e-09
-1.773884161208e-10
-3.716324943528e-09
2.406833375178e-07
-1.364776660982e-09
2.396833548138e-06
2.433221450274e-05
-5.841803294744e-05
-3.635608755193e-05
-1.265814322393e-06
-1.409053630005e-07
7.862958931032e-07
-3.224047131127e-07
8.325683132671e-10
4.809134710146e-07
-3.097012768796e-06
5.088468052331e-08
1.765589584873e-06
-7.366650951079e-06
-7.503662226699e-05
4.100006651327e-05
-1.877365932723e-06
2.111421428842e-07
1.527984858271e-06
9.064180656526e-08
-1.768025618295e-09
-5.578348945970e-07
-3.912198617198e-06
-8.883118393151e-08
4.958700273185e-07
2.074953608912e-05
2.992285563646e-06
2.097056542718e-05
1.806564204410e-07
6.875558057884e-08
-5.489509112211e-07
-2.704682122383e-07
3.581874662531e-10
-2.631554643240e-07
1.215058188265e-07
-2.788691682716e-08
1.199053967409e-06
8.284645249240e-06
5.658698707620e-05
-4.450994490612e-05
-1.552259189182e-06
1.176213774040e-07
2.175780307894e-06
1.092900079557e-07
1.781138432607e-09
-5.866304420292e-07
-1.597370615528e-06
-1.071260725522e-07
2.134659248467e-06
8.992768943394e-06
7.452692029163e-05
4.059175068195e-05
-2.344183379651e-06
-1.609216466890e-07
2.728250163591e-06
1.302968178346e-07
-2.754995703865e-09
5.511559171137e-07
-2.703050525795e-06
1.640517338056e-07
9.779689264070e-07
2.706482522791e-05
-3.532280107600e-06
1.074766934903e-05
1.980783995854e-07
-4.829514662440e-08
-1.328452940507e-07
3.489710868041e-07
-6.772646802996e-10
1.325393781229e-07
5.674414943664e-07
4.818782799402e-08
1.198475815218e-06
1.680696576934e-05
1.582155542513e-07
-8.753720709681e-05
-3.118667884664e-06
1.617328031870e-09
4.353879216335e-06
2.073442035688e-09
-1.539161266986e-09
-3.572558435064e-10
-3.202699833118e-06
5.870448644908e-09
4.278759002471e-06
1.798670047847e-05
-1.069733843679e-07
8.142519920946e-05
-4.678313183662e-06
1.984872189260e-09
5.451709384743e-06
-1.208774328462e-10
1.387458752061e-09
1.679618740911e-09
-5.396550446069e-06
1.736101580699e-09
1.958690888195e-06
5.408700408114e-05
-7.026546993897e-08
2.138738016126e-05
3.984355906852e-07
8.703860528097e-10
-2.648268639498e-07
-3.888540704711e-11
3.413080622969e-10
2.690830381322e-10
1.136390010072e-06
2.754240422193e-10
2.394265778438e-06
1.683005805064e-05
-1.794136733101e-07
-8.733691512974e-05
-3.119964944356e-06
-2.783099298038e-09
4.352017668534e-06
-1.809567468309e-09
-1.517158782530e-09
2.492818204516e-09
-3.203511952326e-06
-5.052505005656e-09
4.280461316573e-06
1.799059709430e-05
2.721482397547e-08
8.140170967475e-05
-4.675833121794e-06
-2.024531658568e-09
5.450813241937e-06
1.219728490301e-10
1.351845354013e-09
-1.951350133561e-09
-5.394092056123e-06
-1.990093770433e-09
1.958705014621e-06
5.408817774422e-05
5.632857868209e-08
2.137025040563e-05
3.987051436695e-07
-8.447110771084e-10
-2.646188874624e-07
-4.158198666036e-11
3.178651043591e-10
-5.426201516107e-10
1.136556339087e-06
-6.451781582411e-10
2.393549292583e-06
8.265987012160e-06
-5.662011433770e-05
-4.423639386466e-05
-1.553701552245e-06
-1.171171048402e-07
2.173668449674e-06
-1.096414869207e-07
1.856742745333e-09
5.836766862945e-07
-1.598466315806e-06
1.064002553735e-07
2.136631342475e-06
8.974429683936e-06
-7.448741370178e-05
4.056956111653e-05
-2.341159396203e-06
1.607910061594e-07
2.727130707630e-06
-1.303090929320e-07
-2.215478084820e-09
-5.508009717296e-07
-2.700155033713e-06
-1.640568390868e-07
9.780499095618e-07
2.705901587199e-05
3.528752365204e-06
1.072355343810e-05
1.984541341309e-07
4.829881171468e-08
-1.326025027690e-07
-3.488396063508e-07
-5.500853637521e-10
-1.321660211830e-07
5.675905035946e-07
-4.813160480005e-08
1.197607461102e-06
-1.033073048055e-05
5.421848081513e-05
-4.560232962676e-05
-6.853765279859e-07
7.158424143087e-08
3.311695714746e-06
-1.358822751653e-07
2.564346988271e-09
-6.004138399846e-07
-3.166130197031e-07
-1.536730773003e-07
1.374046068476e-06
2.338634470574e-05
7.403164614052e-05
3.319164363028e-05
-1.815494513555e-06
-8.385355212983e-08
3.889531161290e-06
3.248674974838e-07
-2.911526790810e-09
4.486538912364e-07
-1.525722760994e-06
2.090401638829e-07
4.706991999289e-07
2.907615639185e-05
-3.520484001096e-06
-5.475661640775e-07
4.995750637420e-07
-2.579319683669e-08
1.616013243677e-07
3.732048411074e-07
-1.055756074244e-09
-1.188334709768e-08
8.551983578339e-07
6.270682347681e-08
8.943279844772e-07
-1.978545582239e-05
2.052238637008e-07
-8.977026638607e-05
-1.387510529123e-06
2.685302910051e-09
6.637091529280e-06
1.995228873395e-09
-1.835480586769e-09
-1.181641245789e-09
-6.336047011543e-07
4.992907938390e-09
2.756293774369e-06
4.689118307479e-05
-1.303224874008e-07
6.672886445649e-05
-3.619092781764e-06
2.213642046914e-09
7.769736147796e-06
3.277085273068e-10
1.525728947942e-09
3.973817720195e-10
-3.044551233352e-06
7.778878358101e-10
9.436053803169e-07
5.805118692413e-05
-6.735269091776e-08
-1.185449867769e-06
1.002570406909e-06
9.154844047679e-10
3.208567692034e-07
-2.565342446933e-10
5.601081074988e-10
-5.319477063698e-10
1.710740758479e-06
-2.145969160371e-10
1.786440752171e-06
-1.964477423547e-05
-1.381859888253e-07
-8.951314256705e-05
-1.393357350159e-06
-5.498806798498e-09
6.637817709733e-06
-4.778575017237e-10
-1.791474810603e-09
3.889793981056e-09
-6.343662422992e-07
-3.869172229429e-09
2.759155207266e-06
4.688628765467e-05
5.833924917178e-08
6.672124101151e-05
-3.616971397046e-06
-2.737385265597e-09
7.767478221476e-06
-4.134339163337e-10
1.482328040781e-09
-4.527720520557e-10
-3.043308916289e-06
-1.078749754920e-09
9.435171170278e-07
5.804306987701e-05
6.014830797594e-08
-1.205087282900e-06
1.002902137004e-06
-1.082818592332e-09
3.205857908342e-07
6.252176489203e-11
5.121933757013e-10
2.913867710487e-10
1.710562364624e-06
-1.003144512480e-10
1.785795659209e-06
-1.017833480971e-05
-5.429213717450e-05
-4.526061991633e-05
-6.921746048055e-07
-7.198737909351e-08
3.312721389892e-06
1.337993468652e-07
2.021919879712e-09
5.966772074143e-07
-3.176513835135e-07
1.521166648207e-07
1.377185359643e-06
2.336845667582e-05
-7.399322667169e-05
3.320782928942e-05
-1.812906757702e-06
8.361976762733e-08
3.886824761237e-06
-3.247647072810e-07
-2.431037904269e-09
-4.485935770642e-07
-1.524251011244e-06
-2.091115268428e-07
4.706869513141e-07
2.905961485640e-05
3.523471989203e-06
-5.712197846397e-07
5.000407607997e-07
2.580972133999e-08
1.612318085495e-07
-3.729233001422e-07
-9.503240830285e-10
1.220534293479e-08
8.549973494666e-07
-6.260121762281e-08
8.936332943265e-07
-0.000000000000e+00
-0.000000000000e+00
-0.000000000000e+00
2.818482321547e-11
-0.000000000000e+00
9.961110035098e-13
-0.000000000000e+00
-0.000000000000e+00
-0.000000000000e+00
-0.000000000000e+00
4.614474954771e-27
-0.000000000000e+00
-7.228014483237e-11
-0.000000000000e+00
-0.000000000000e+00
-0.000000000000e+00
-0.000000000000e+00
-0.000000000000e+00
-0.000000000000e+00
-1.020068512577e-10
3.320334260077e-11
6.841251024821e-07
7.709882115431e-11
6.770750164140e-07
1.078239819095e-16
-3.123210623059e-06
6.842650495309e-07
-1.541976423092e-10
6.770102727931e-07
1.084814280971e-16
-3.122570868647e-06
6.842650495309e-07
-2.080621082585e-22
6.770102727931e-07
1.087109896023e-16
-3.122281383295e-06
6.844049965796e-07
-1.541976423092e-10
6.769455291721e-07
1.088659214883e-16
-3.121087978283e-06
8.915034467385e-07
-1.927076101698e-22
3.636645242720e-07
1.069833775308e-16
-3.146550927327e-06
8.913634996898e-07
1.541976423088e-10
3.637292678929e-07
1.075813504959e-16
-3.143574399991e-06
8.915034467385e-07
-1.927076101698e-22
3.636645242720e-07
1.079592534805e-16
-3.142271392093e-06
8.914929869317e-07
-1.927580959018e-22
3.640091619904e-07
1.081258287931e-16
-3.141697440291e-06
9.627251619286e-07
7.709882115437e-11
-5.345654274752e-09
1.076306926949e-16
-3.194454729272e-06
9.627251619286e-07
-1.479244795684e-22
-5.345654274752e-09
1.056562325776e-16
-3.199185997310e-06
9.624452678312e-07
-1.479008140131e-22
-5.216167032913e-09
1.045956249291e-16
-3.204648955485e-06
9.625852148799e-07
-1.541976423092e-10
-5.280910653833e-09
1.028435990972e-16
-3.219391497470e-06
8.873836933383e-07
-8.062924993784e-23
-3.734917379194e-07
1.076013770524e-16
-3.246082926755e-06
8.873836933383e-07
1.541976423090e-10
-3.734917379194e-07
1.044037902080e-16
-3.269249272547e-06
8.872332864827e-07
-8.066790289214e-23
-3.730823565802e-07
1.010931672377e-16
-3.299944323024e-06
8.875131805802e-07
-8.069156844739e-23
-3.732118438220e-07
9.847396840687e-17
-3.354391826399e-06
6.771397600349e-07
7.709882115452e-11
-6.839851554334e-07
1.001119013536e-16
-3.355641516010e-06
6.774196541323e-07
-1.541976423090e-10
-6.841146426753e-07
1.146893072130e-16
-3.282542710001e-06
6.772901668905e-07
-1.169936695380e-24
-6.843945367727e-07
1.252379116971e-16
-3.219039989532e-06
6.772901668905e-07
-1.541976423090e-10
-6.843945367727e-07
1.460835942559e-16
-3.123129264677e-06
3.640739056113e-07
7.709882115460e-11
-8.913530398829e-07
1.421021548689e-17
-3.345791976342e-06
3.635141174164e-07
-1.541976423090e-10
-8.910940653993e-07
4.828129178200e-17
-3.457783009692e-06
3.635141174164e-07
7.855416641601e-23
-8.910940653993e-07
6.693608883237e-17
-3.476081002096e-06
3.637940115139e-07
-1.541976423090e-10
-8.912235526411e-07
8.195436686770e-17
-3.387570449768e-06
-4.936272935484e-09
1.541976423092e-10
-9.625747550730e-07
8.745190264878e-17
-3.260477693888e-06
-4.936272935484e-09
-1.541976423089e-10
-9.625747550730e-07
9.224577575015e-17
-3.278756291312e-06
-4.936272935484e-09
-1.541976423089e-10
-9.625747550730e-07
9.426098948173e-17
-3.318289171461e-06
-5.001016556404e-09
-1.541976423089e-10
-9.627147021217e-07
9.400815447704e-17
-3.412128475475e-06
-3.730823565802e-07
7.709882115471e-11
-8.872332864827e-07
1.193625726702e-16
-3.097714811458e-06
-3.728024624827e-07
1.917445546481e-22
-8.873627737246e-07
1.177934783296e-16
-3.094462712730e-06
-3.727377188618e-07
1.917133953934e-22
-8.872228266758e-07
1.179193719292e-16
-3.091446956022e-06
-3.732975070567e-07
-1.541976423088e-10
-8.869638521922e-07
1.188744439769e-16
-3.068394966977e-06
-6.839527836230e-07
7.709882115473e-11
-6.770697865105e-07
1.078954274323e-16
-3.125506463081e-06
-6.845125718178e-07
2.080701941864e-22
-6.768108120269e-07
1.088363598657e-16
-3.120965790230e-06
-6.842326777204e-07
2.080465286312e-22
-6.769402992687e-07
1.093010908913e-16
-3.120762597014e-06
-6.842003059099e-07
2.080309490038e-22
-6.768703257443e-07
1.092065777893e-16
-3.118962078946e-06
-8.912340124480e-07
7.709882115471e-11
-3.634493737955e-07
1.095635825337e-16
-3.132212280969e-06
-8.910940653993e-07
1.926216261050e-22
-3.635141174164e-07
1.101174226422e-16
-3.131581235084e-06
-8.910940653993e-07
-1.541976423088e-10
-3.635141174164e-07
1.102298487435e-16
-3.132594688335e-06
-8.909864901610e-07
-1.541976423088e-10
-3.636488345617e-07
1.100913015401e-16
-3.134751812592e-06
-9.624452678312e-07
1.541976423092e-10
5.216167032913e-09
1.058381553463e-16
-3.208834102372e-06
-9.624452678312e-07
1.479008140131e-22
5.216167032913e-09
1.058411377871e-16
-3.199950486934e-06
-9.624452678312e-07
1.479008140131e-22
5.216167032913e-09
1.057304864314e-16
-3.197969387944e-06
-9.623053207824e-07
-1.541976423089e-10
5.151423411993e-09
1.053436645569e-16
-3.200546277717e-06
-8.873732335314e-07
7.709882115460e-11
3.731471002011e-07
1.031095882034e-16
-3.296531265139e-06
-8.872332864827e-07
8.066790289214e-23
3.730823565802e-07
1.032287086444e-16
-3.278283574679e-06
-8.870933394340e-07
-1.541976423090e-10
3.730176129592e-07
1.032418315229e-16
-3.276108389784e-06
-8.872980301036e-07
-1.541976423090e-10
3.729424095314e-07
1.030824080347e-16
-3.284691544003e-06
-6.770102727931e-07
7.709882115452e-11
6.842650495309e-07
1.022892206510e-16
-3.345444624398e-06
-6.768755556478e-07
1.541976423090e-10
6.843726247691e-07
1.029842137238e-16
-3.333055866480e-06
-6.769455291721e-07
1.115111885350e-24
6.844049965796e-07
1.031370321404e-16
-3.331880543003e-06
-6.768755556478e-07
1.109195496537e-24
6.843726247691e-07
1.030102071344e-16
-3.339515269451e-06
-3.634546036990e-07
1.541976423090e-10
8.914063313071e-07
1.032630292650e-16
-3.320946217696e-06
-3.635245772233e-07
1.541976423090e-10
8.914387031176e-07
1.041386825507e-16
-3.315897434503e-06
-3.633846301746e-07
1.541976423090e-10
8.913739594967e-07
1.043115416976e-16
-3.315551842492e-06
-3.634546036990e-07
-7.861056853675e-23
8.914063313071e-07
1.041394961729e-16
-3.318432761360e-06
5.410397895672e-09
7.709882115437e-11
9.628651089773e-07
1.054264128303e-16
-3.234491767214e-06
5.410397895672e-09
1.541976423089e-10
9.628651089773e-07
1.058000103124e-16
-3.233265227684e-06
5.280910653832e-09
1.541976423089e-10
9.625852148799e-07
1.058780378977e-16
-3.232819330007e-06
5.210937129475e-09
-1.463317566729e-22
9.626175866903e-07
1.057860357937e-16
-3.233127114799e-06
3.732118438220e-07
1.541976423088e-10
8.875131805802e-07
1.075103775642e-16
-3.148843360015e-06
3.732818173464e-07
-1.918364551018e-22
8.874808087697e-07
1.078118733977e-16
-3.151857760829e-06
3.732118438220e-07
1.541976423088e-10
8.875131805802e-07
1.077916422006e-16
-3.152373111035e-06
3.732118438220e-07
-1.918305387130e-22
8.875131805802e-07
1.075735177109e-16
-3.148936133484e-06
