-5.086685398914e-17
-3.041754555386e-08
1.832373255877e-07
-2.355171537060e-07
1.244816370294e-08
-9.768658871356e-09
3.041754555386e-08
-1.244816370294e-08
2.355330648821e-07
1.832373255877e-07
-2.943190116970e-07
3.041754555386e-08
-6.440788410339e-08
-1.278985506211e-08
2.354392695798e-07
1.832373255877e-07
3.082794911395e-07
-6.809980042423e-08
-3.041754555386e-08
-4.488690281464e-09
-2.277261537855e-10
-1.354001562567e-08
-6.213628439294e-08
-1.112773897822e-07
-2.128806521798e-11
5.069232955072e-10
-3.219512741304e-08
1.039676090906e-08
-3.000795489078e-07
-1.934940236024e-10
9.000750725018e-10
-3.595704174950e-08
-9.421605627057e-09
-2.819804699588e-07
2.827555285793e-10
9.363539703228e-10
-1.135539231978e-08
5.328028108485e-08
-9.400371674494e-08
1.132164634846e-10
4.663263661559e-10
-4.512520833511e-08
-5.935047870152e-08
-8.937115585589e-08
-2.568098475593e-10
3.744224735084e-10
-1.443220478530e-07
1.003086191410e-08
-2.554165406097e-07
-5.326658471700e-10
8.913615339386e-10
-1.468848564474e-07
-6.901195076229e-09
-2.563227479945e-07
1.628043153788e-10
9.343321207045e-10
-4.840475910041e-08
5.852057148049e-08
-8.316708931693e-08
9.895647878840e-11
5.183637797070e-10
-8.384576074243e-08
-5.661083969076e-08
-5.574772264489e-08
1.481278391307e-10
7.257202664391e-10
-2.304729572568e-07
1.671600713084e-08
-1.788089536592e-07
3.369119169656e-10
1.025601193196e-09
-2.232312136728e-07
1.004427383505e-08
-1.807921322396e-07
9.046293916147e-10
8.715587780203e-10
-8.117804576576e-08
6.472141963632e-08
-7.337301986961e-08
3.403578557733e-10
2.454949427305e-10
4.123316893713e-09
-6.200260312145e-09
8.882927569238e-09
-1.918860968771e-10
-3.432291901735e-10
-1.898773974928e-07
-3.174462819208e-09
-4.227608618636e-08
-1.008051938169e-09
6.570919325613e-10
-3.507565526537e-07
1.008012591892e-08
-1.144463832943e-07
-4.862037413899e-10
1.056135130957e-09
-1.979103940404e-07
1.017054502539e-07
-5.567141923553e-08
-2.173530066838e-10
1.251566911360e-09
-9.595114782186e-08
-6.174286460187e-08
4.298481701416e-08
-2.572669361111e-10
2.625406922812e-09
-2.863621761335e-07
1.442729475698e-08
3.478488195773e-08
1.125796649481e-10
1.692274155309e-09
-3.162013051399e-07
-1.163806111098e-08
2.533182966351e-08
1.667494845875e-10
6.493061044289e-11
-1.214040970131e-07
7.055106960443e-08
-1.144482748546e-08
1.553949031146e-10
-1.643514955512e-09
-2.558286426259e-07
-1.855915379682e-07
1.222232178319e-07
1.951567996795e-09
-3.862789691146e-09
-4.029835955506e-07
6.729486878533e-08
4.123493177963e-07
3.718764863873e-09
-1.182145573675e-09
-2.561348383899e-07
-1.748793552873e-07
2.953164533670e-07
4.396309452523e-10
6.022102593229e-11
-1.126054711949e-08
7.040344252694e-08
1.325414864578e-07
2.802880305307e-10
2.794986642629e-09
6.580202971118e-08
-2.069744262222e-08
5.130434739957e-08
-2.410348303110e-09
2.412508830231e-09
-3.548390124535e-08
-4.017536330167e-08
9.310347862294e-08
-5.119468158395e-09
4.810349350384e-10
-1.557568120826e-07
-4.405543918352e-08
1.446961712014e-07
-5.172964089635e-09
-1.312673209046e-09
-1.332123312508e-07
5.147785437925e-08
4.784688614092e-08
-2.398298544458e-09
-2.692556747212e-09
-4.256071924462e-08
-4.849256269943e-08
6.905047589208e-08
9.910509685826e-10
-2.441183227736e-10
-7.555205448726e-08
1.651815220707e-08
2.541945887422e-07
2.262362845928e-09
5.490711446602e-10
-8.005741012627e-08
4.789428557722e-10
2.849834909178e-07
2.062630625139e-09
8.469156254501e-10
2.050729288177e-09
6.700318284230e-08
1.176424359877e-07
1.078897409470e-09
1.138053057828e-09
2.332744665198e-08
-3.866677278290e-08
6.269223608861e-08
-2.281137862403e-10
7.211584694949e-10
3.990972859374e-08
1.251247225732e-08
2.532409114241e-07
-4.846362947165e-10
9.685499457342e-10
2.748702343280e-08
-5.175189715871e-09
3.425327448390e-07
-1.029802287631e-09
7.241459986425e-10
-1.944021413692e-09
7.849947288314e-08
1.520778224073e-07
-4.618970596737e-10
1.600245332569e-10
4.468184232100e-08
-5.696257327238e-08
7.838647239754e-08
1.510973991901e-10
3.430808335605e-10
1.430963158118e-07
1.518456320821e-08
2.522154821313e-07
3.321840743875e-10
7.263377687796e-10
1.535574009185e-07
-3.975279323012e-09
2.749928195548e-07
-3.017400529828e-10
7.355986356336e-10
5.564485118246e-08
7.336850131465e-08
1.089253779032e-07
-1.860508116750e-10
3.499883070170e-10
7.955613135429e-08
-5.999752676361e-08
6.131561871235e-08
1.198441012413e-10
4.154629985379e-10
2.337718632275e-07
7.275421625209e-09
1.840309436768e-07
2.223578703228e-10
8.058936176273e-10
2.318606482537e-07
-3.396546676940e-09
1.861867569666e-07
-3.606648816109e-10
7.739807049016e-10
8.532496955397e-08
6.588451666091e-08
6.785100263264e-08
-1.273191188255e-10
3.952636391481e-10
1.030429340108e-07
-5.929552592314e-08
2.690104203383e-08
6.373509441055e-11
3.916966088626e-10
2.921791515484e-07
-5.886343190994e-09
8.657769792681e-08
2.871415567944e-10
7.550340139187e-10
2.806882668768e-07
6.757667937100e-09
8.192865726857e-08
-3.220328833912e-10
7.638705085594e-10
1.015639168788e-07
5.871692497441e-08
2.588849138528e-08
-4.952741617789e-11
4.049144053514e-10
1.059586707957e-07
-5.593137085476e-08
-1.610696424657e-08
3.588920589504e-11
4.228690622229e-10
2.943430219781e-07
-3.083740724303e-09
-3.043807795869e-08
1.665001300497e-10
7.828860192053e-10
2.997588601224e-07
-1.951062537719e-09
-3.015289754795e-08
-9.550262208250e-11
7.792379498894e-10
9.757935830489e-08
5.823607770224e-08
-1.656448824951e-08
-1.125921451041e-10
4.359724811506e-10
9.234134687499e-08
-6.953290353977e-08
-5.662903504349e-08
1.812251771106e-10
4.566332337418e-10
2.604055766720e-07
2.038524560272e-08
-1.398492785564e-07
-1.312455127864e-10
8.096116299023e-10
2.578949386324e-07
-2.167811070128e-08
-1.390252977816e-07
1.461027199467e-10
8.147071505625e-10
8.934607698701e-08
6.781686678119e-08
-5.546759803014e-08
-1.734762437419e-10
4.612283291250e-10
6.391983419528e-08
-6.053339492050e-08
-8.710690940134e-08
8.669503453786e-11
4.844590973762e-10
1.882796058563e-07
4.690473991577e-09
-2.335243102089e-07
-4.680743016843e-12
8.791214924044e-10
1.823016570360e-07
-1.124195629782e-08
-2.219253161203e-07
1.971169779606e-10
8.323505290025e-10
6.030007054406e-08
6.075618359923e-08
-8.430251847527e-08
-1.040015595957e-10
4.925666761717e-10
2.796355587760e-08
-5.440507062970e-08
-1.009746114660e-07
-6.653928704352e-11
4.751244139776e-10
8.313987324290e-08
9.321535471173e-09
-2.908726368001e-07
-2.002994863977e-10
9.104082372359e-10
8.034984206519e-08
-1.503424761216e-08
-2.776775490595e-07
2.402905071009e-10
8.897584952441e-10
2.434471821365e-08
5.434134148920e-08
-9.558180829503e-08
2.274574769329e-11
4.869461139389e-10
