-6.938893903907e-18
0.000000000000e+00
-5.084707747436e-17
0.000000000000e+00
6.814631995577e-16
3.907985046681e-14
-2.520915864529e-13
0.000000000000e+00
-4.198076257571e-15
-7.909555222341e-06
5.790749321545e-05
0.000000000000e+00
4.033856582097e-13
0.000000000000e+00
2.553512956638e-14
3.402631240813e-07
-2.768999093019e-14
4.760401532786e-06
5.782715276885e-01
7.498432545089e-13
-4.700854676536e-02
-4.179757409380e-06
-8.822659523844e-06
1.599968266915e-06
7.377778861255e+00
-1.044173506559e+01
4.088893236240e+00
1.290556569859e-01
-8.725275403773e-04
-2.508680013028e-01
9.839982386530e-02
-4.034078317962e-05
5.439062501841e-02
3.711437227150e-01
5.246154891763e-02
1.821275019164e-01
1.006710374728e+00
-6.246930844543e+00
3.590677913427e-02
5.238915387103e-02
9.750441457272e-04
1.466537019702e-02
1.337563076509e-02
6.503026459931e-05
4.701104205187e-04
3.903887079842e-01
-2.283517307317e-04
1.334949033075e-01
8.783072288556e-01
-5.980520957507e+00
1.511117770389e-01
9.994552440753e-02
3.457660925005e-05
2.378628075894e-02
1.177193653579e-02
-6.144535766844e-05
2.064393085056e-03
3.793567378456e-01
-1.092097120243e-04
7.242828550155e-02
8.331629054510e+00
-1.035126656556e+01
9.183630711595e-01
1.773558942419e-01
1.925876863174e-02
-2.477704303404e-01
1.110619367584e-01
-1.792838030355e-04
1.209200007740e-02
3.680731481755e-01
4.840952628900e-02
1.306524796258e-01
9.381309037985e-01
-6.182399992975e+00
-3.074198269172e-01
2.053591704893e-01
6.908962547396e-04
-1.540414176265e-02
1.246723339435e-02
-4.797582702449e-06
-4.169999060489e-03
3.559093989257e-01
-5.424629099142e-04
-2.167454494975e-02
9.124690825901e-01
-6.006313464470e+00
-2.481758297459e-03
2.399199058229e-01
-5.315826552065e-04
-4.459484866391e-02
1.224912828612e-02
-1.366178643156e-05
-9.921612389125e-05
3.119462931280e-01
2.852606191150e-04
-6.716063550434e-02
8.343549576431e+00
-1.073006277600e+01
-2.171860995803e+00
2.232653291320e-01
3.688093133393e-02
-2.924070494554e-01
1.111554491879e-01
1.717003252047e-05
-2.916694176942e-02
3.477909915238e-01
3.900566405833e-02
9.733097856523e-02
7.085540852378e-01
-6.503753261917e+00
-8.201254314758e-01
3.070186406180e-01
8.634120053300e-04
-1.544684097457e-01
9.384710284466e-03
2.665475009752e-04
-1.085455408611e-02
2.389744502270e-01
-1.205960157348e-03
-1.117738209105e-01
3.633708172952e-01
-5.890491956857e+00
-1.038462638358e+00
2.827657182672e-01
1.072625632446e-03
-1.886708616967e-01
5.040202230462e-03
-1.769898368801e-05
-1.364483979573e-02
1.630546107014e-01
-1.872786013701e-03
-1.120773640447e-01
5.626617999253e+00
-9.286493536907e+00
-5.300627695066e+00
1.846207725248e-01
4.483129239738e-02
-2.912695856070e-01
7.508092736698e-02
-1.436785444331e-03
-7.073386203710e-02
2.537559703414e-01
1.709061207246e-02
8.719027222887e-02
7.809669528228e-01
-5.332543644000e+00
-4.228070094001e-01
2.260894376455e-01
-2.346958701109e-04
-2.564689460774e-01
1.001312180639e-02
-1.127850907796e-03
-6.343687693788e-03
5.508279850564e-02
8.098352257421e-04
-7.291302885177e-02
2.853388950680e+00
-6.408495083209e+00
7.792561782357e-01
2.362099796108e-01
-9.477877398106e-04
-3.580563479093e-01
3.737906133159e-02
7.017676656788e-04
9.313143435060e-03
1.602463715741e-02
8.987543108800e-03
-5.548650610104e-02
8.228375559139e+00
-1.548142776367e+01
-8.508306044866e+00
2.952084809445e-01
7.312251121662e-02
-5.946633070409e-01
1.091063673934e-01
6.008239604406e-03
-1.141600199874e-01
3.648918118116e-01
1.096986491277e-02
1.926919541527e-01
-3.419022915478e+00
-9.988976421947e+00
-2.727636327386e+00
2.324027520340e-01
-3.247842762494e-04
-6.194685309471e-01
-4.188869755315e-02
4.679042113943e-03
-3.382261065973e-02
2.304952622762e-02
-1.337114738378e-02
9.781518899352e-02
-6.749166270241e+00
-4.195007437778e+00
-2.211744344966e+00
5.604448337035e-02
-5.671589671128e-03
-2.627679326541e-01
-8.591998946138e-02
-1.462685256643e-03
-2.783985044635e-02
-2.921659286449e-02
-2.269967443825e-02
6.001122304673e-02
-1.051786397145e+00
-8.972039909273e-01
-1.153138081894e+00
2.221092460934e-03
4.408679605611e-03
-1.619673137175e-02
-1.483832778686e-02
-3.526081552425e-03
-1.908722308301e-02
6.171609180250e-04
-5.391015255131e-03
4.911467058357e-03
9.628266812760e+00
-3.143003009097e+00
-1.083733766892e+00
-6.926158968166e-02
1.489892248160e-02
-1.744833361163e-01
1.284200314679e-01
-2.943464715207e-03
-1.796013217771e-02
-6.879232601957e-02
2.753586476494e-02
1.156199325025e-01
1.176181453840e+01
-1.634312407435e+01
-3.421900418770e+00
-5.197942304177e-02
2.066327970426e-02
-8.565561749580e-01
1.392146998219e-01
1.220466478832e-02
-4.354796974248e-02
2.409403717916e-01
3.304899263534e-02
6.414816197365e-01
-1.350491610420e+01
-2.437098429345e+01
-1.434368773569e+01
2.234218772464e-01
5.633213942186e-02
-8.692278306080e-01
-1.771232868527e-01
1.511090327690e-02
-1.917935158042e-01
6.461326671573e-01
-9.787774164623e-02
6.061813701567e-01
-7.192900293330e+00
-7.490188234034e+00
1.786066521859e+00
-1.531256547208e-01
-1.876804839827e-02
-2.758323608477e-01
-9.434677683957e-02
5.296529282496e-04
2.263025737510e-02
1.483705095549e-01
-1.475924398818e-02
3.680872726827e-01
-1.418199489980e+00
-3.943110483500e+00
1.226868266591e-01
-9.351770275289e-02
-3.687373793797e-03
-9.851609936886e-02
-1.871728417137e-02
-1.361335867065e-03
1.100299109220e-03
1.175693150595e-01
-2.038364554967e-03
1.953541753578e-01
-3.202570233698e+00
-7.741438170360e+00
-6.224551865481e+00
7.739645372613e-02
2.094664260659e-02
-2.090306826741e-01
-4.295022903910e-02
-1.347289044495e-03
-8.291390146180e-02
2.398284462892e-01
-3.636642245586e-02
1.412928578972e-01
3.010088031560e-01
-5.960965087291e+00
-1.638616370896e+00
-7.276553319887e-02
4.584166253316e-03
-7.018677591856e-02
3.604271088362e-03
-1.756346719844e-04
-2.139070379731e-02
2.902742866743e-01
1.419311676189e-03
2.496047268468e-01
-5.481461204832e-01
-6.739616660814e+00
-8.937237525758e-01
-4.594651102272e-02
1.399101646978e-03
-3.692123807441e-02
-7.493761147540e-03
4.617882157069e-04
-1.162523933896e-02
3.715375437714e-01
2.647249728667e-04
2.464526835157e-01
-8.018371814592e+00
-1.111936647497e+01
-3.688156276329e+00
1.356725728973e-01
-1.353711940825e-03
-2.643931356907e-01
-1.069074667849e-01
5.136560619076e-04
-4.916267161898e-02
4.011797972895e-01
-5.499691597001e-02
1.991715610841e-01
-1.118535897689e+00
-6.222521004004e+00
2.553866185583e-01
5.063879373622e-02
-2.013693763927e-03
1.790473937391e-02
-1.489249071850e-02
5.393579983561e-05
3.271227604463e-03
3.896038897100e-01
2.514309867031e-04
1.330539562332e-01
-8.632172750607e-01
-5.897547747676e+00
-1.481203257425e-01
9.866606673418e-02
-6.578343639293e-05
2.301112982227e-02
-1.157067394836e-02
-1.201925105202e-04
-2.060498704354e-03
3.737742946760e-01
1.017239546501e-05
7.151745223631e-02
-8.189504873094e+00
-1.016996692189e+01
-9.045758841101e-01
1.739744649218e-01
-1.888348617210e-02
-2.427790750635e-01
-1.092179475956e-01
-1.351463690205e-04
-1.196067597606e-02
3.622063001872e-01
-4.766119899658e-02
1.277814644649e-01
-9.350653791169e-01
-6.157146475519e+00
1.363456210180e-01
2.047186513782e-01
-2.240258111054e-04
-1.484371676487e-02
-1.247433759400e-02
2.868578894179e-05
1.857547378940e-03
3.546161282229e-01
1.483163100811e-04
-2.245817270651e-02
-8.920974501589e-01
-6.094526952018e+00
1.009210099803e-01
2.426182774250e-01
2.136147133141e-04
-4.769723032442e-02
-1.195235263361e-02
8.119448941762e-06
1.350825508707e-03
3.164482587316e-01
-1.547278785954e-04
-6.547375413109e-02
-8.001487637337e+00
-1.040006682346e+01
2.467362722863e+00
2.158560871069e-01
-3.662370360092e-02
-2.824800628990e-01
-1.066687011024e-01
-2.253518131517e-05
3.296492384589e-02
3.371153807651e-01
-3.711799846964e-02
9.386034534321e-02
-7.588427360397e-01
-6.179443100013e+00
6.132963585770e-01
2.927736894251e-01
-4.317213567388e-04
-1.451068159140e-01
-1.012338629268e-02
3.618941098169e-05
8.171600053412e-03
2.254526600781e-01
5.991851545234e-04
-1.098458713438e-01
-7.631837601167e-01
-6.034758333542e+00
4.595476637556e-01
2.898402074113e-01
9.581192444029e-05
-1.938211533920e-01
-1.024475293621e-02
-2.394368026639e-05
6.134840708719e-03
1.661857988511e-01
-1.237242513714e-04
-1.148912601967e-01
-6.455216710030e+00
-1.034227062370e+01
5.283082474245e+00
2.155038490765e-01
-4.776240995261e-02
-3.315580251994e-01
-8.602305418292e-02
-6.675666213008e-05
7.049078552902e-02
2.843109065245e-01
-2.035139007629e-02
9.221255917948e-02
-4.856396486462e-01
-6.178742581496e+00
8.386527938339e-01
2.620720162427e-01
-1.324945201293e-04
-2.991967252581e-01
-6.466919387113e-03
2.469828408533e-05
1.118210120345e-02
7.147792543889e-02
6.392184764538e-04
-7.907063499046e-02
-5.357361740816e-01
-6.041352798244e+00
7.136627447751e-01
2.210656119307e-01
5.500573195993e-05
-3.332760148041e-01
-7.196261341552e-03
-1.040005222850e-05
9.553245036914e-03
2.711606749892e-02
-1.701861927956e-04
-4.595006594053e-02
-3.955324942501e+00
-1.036751547359e+01
7.367663003861e+00
1.812062095685e-01
-5.204069025901e-02
-3.690817909995e-01
-5.267786235263e-02
-5.227440018587e-05
9.825792508601e-02
2.483717017039e-01
-5.336043312240e-04
1.274219973199e-01
-1.077465018070e-01
-6.185200311364e+00
9.696973699570e-01
1.317940835818e-01
1.383532634718e-04
-3.868072529394e-01
-1.430042894067e-03
1.994650065948e-05
1.292159444418e-02
-1.569112146082e-02
7.147005512988e-04
5.147616394576e-02
-2.200874949329e-01
-6.029321425630e+00
8.639785074942e-01
7.345827250582e-02
-7.520928502120e-06
-3.821729844006e-01
-2.968031514913e-03
-1.139294283332e-05
1.157976986969e-02
-2.269935080004e-02
-1.721685540067e-04
1.011302711253e-01
-8.568658102181e-01
-1.037739280947e+01
8.332109700001e+00
1.308623571041e-01
-4.838899710326e-02
-3.704818504284e-01
-1.135286426002e-02
-4.754837346087e-05
1.110902879941e-01
2.475610253327e-01
1.939430575672e-02
1.781493298031e-01
2.859931801725e-01
-6.191993253383e+00
9.379418207969e-01
-2.215544780503e-02
4.280161667891e-04
-3.566247172688e-01
3.814516131815e-03
2.037198984553e-05
1.249173715551e-02
1.502193742994e-02
6.480032958326e-04
2.057420331779e-01
1.270941571103e-01
-6.020295879918e+00
8.823309129215e-01
-6.579228274246e-02
-7.060967580717e-05
-3.126406317961e-01
1.688676872005e-03
-1.547216679604e-05
1.183655033696e-02
4.607213106192e-02
-1.575656156093e-04
2.399272752300e-01
2.379721803960e+00
-1.039596792247e+01
8.050570354538e+00
9.474864760578e-02
-3.742037616969e-02
-3.362301086113e-01
3.180374165234e-02
-4.087553888814e-05
1.073033136847e-01
2.829621460368e-01
3.646763859832e-02
2.149289813924e-01
6.429698622378e-01
-6.203704896674e+00
7.501808972115e-01
-1.095258150950e-01
7.030143206945e-04
-2.265442636989e-01
8.561388046686e-03
2.780032088674e-05
9.985391717454e-03
1.459865678933e-01
4.708354904948e-04
2.936237280353e-01
4.618609197852e-01
-6.008274666431e+00
7.620421224275e-01
-1.153712832092e-01
-9.737659058211e-05
-1.650227490830e-01
6.180427472074e-03
-2.737138249031e-05
1.023324954655e-02
1.926974574067e-01
-1.135410656018e-04
2.889330115331e-01
5.268300220947e+00
-1.040434541072e+01
6.550872995590e+00
9.386035195045e-02
-2.070402226668e-02
-2.862010300759e-01
7.030552482382e-02
-4.345908852450e-05
8.726642762955e-02
3.334831489302e-01
4.804019168893e-02
2.161083815320e-01
8.934629305256e-01
-6.211501814590e+00
4.359705517493e-01
-7.887500127681e-02
8.873312893528e-04
-7.249475514807e-02
1.188864890730e-02
3.472773443206e-05
5.795671063495e-03
3.006793542309e-01
1.619732693011e-04
2.633678146155e-01
7.159354423540e-01
-5.998785256178e+00
5.324120925291e-01
-4.659691832610e-02
-1.501894007318e-04
-2.570150653039e-02
9.598123373008e-03
-4.311843791555e-05
7.155068129874e-03
3.311056104077e-01
-9.120684825606e-05
2.196249001453e-01
1.477004779482e+01
-1.492143800941e-03
8.155772361931e+00
2.582386064387e-01
6.624451233553e-05
-5.018241566104e-01
2.657687019528e-05
4.092299847774e-05
-5.178406520512e-05
7.422232567655e-01
-1.030722133419e-04
3.644298286447e-01
2.011057681272e+00
7.628363700411e-03
7.611422636369e-02
1.045993713047e-01
-3.446897763778e-05
2.953719711744e-02
-3.997650300365e-06
-2.932189261049e-05
3.707666577269e-05
7.802635972203e-01
-1.066356900326e-04
2.667245349622e-01
1.749984045761e+00
-7.221262586416e-03
3.202961931717e-01
2.000565817343e-01
-7.609288085803e-05
4.747223227503e-02
-4.724464478326e-05
1.397471611861e-05
1.283385390017e-04
7.591674977622e-01
-9.364004472262e-05
1.449853699546e-01
1.667449476934e+01
-1.857241638703e-02
1.813152315443e+00
3.551803394293e-01
5.677870059332e-05
-4.960012784422e-01
6.451778244944e-05
8.160102510671e-05
-9.868517698776e-06
7.369150649378e-01
-1.196800628708e-04
2.618050516148e-01
1.875712535772e+00
8.012924892079e-04
-6.342672212824e-01
4.106765595221e-01
-4.399265860001e-05
-3.069942027901e-02
1.180763788107e-05
7.905053082468e-06
-7.200259552281e-05
7.117981662837e-01
-1.361788363204e-04
-4.343454171602e-02
1.822854842857e+00
-2.797831669230e-04
-7.983172883986e-03
4.798675937808e-01
-7.966448637906e-05
-8.919109309961e-02
-9.277738014459e-07
7.876454534004e-06
1.018148479755e-04
6.239168084896e-01
-5.616357216233e-05
-1.343455855712e-01
1.668145590078e+01
-1.177345939151e-02
-4.387634358940e+00
4.465115702989e-01
1.294581463103e-04
-5.850558560319e-01
3.578998568231e-05
-1.301398132438e-04
-5.865241333779e-05
6.956820928745e-01
-1.570262802545e-04
1.951553389335e-01
1.407336663542e+00
2.015896874614e-02
-1.656150328201e+00
6.126915585651e-01
6.774981921140e-05
-3.081506839087e-01
-1.077411824055e-04
-1.963701231937e-04
-2.258058241602e-04
4.767645323664e-01
-7.003744944374e-05
-2.234008017250e-01
7.927133255294e-01
9.513026410387e-03
-1.972141229106e+00
5.655605237581e-01
-4.919380039591e-05
-3.770738999704e-01
3.235995676323e-04
9.076855479315e-05
5.235494442846e-04
3.255222039210e-01
2.934597702613e-04
-2.247332169561e-01
1.140717619885e+01
-1.613211214423e-01
-1.057773406132e+01
3.745116520056e-01
5.651559041729e-04
-5.893421292917e-01
1.194481050263e-03
5.539728479039e-04
3.171998920924e-04
5.128961550469e-01
4.954593787192e-04
1.759019606789e-01
1.420528854827e+00
-1.310301998048e-01
-1.023864423722e+00
4.580468902399e-01
2.265068784009e-04
-5.199374036632e-01
-5.882726950730e-04
3.967472452242e-04
-6.904139577024e-04
1.134563318844e-01
-3.410884861963e-04
-1.462538532760e-01
5.272799957458e+00
8.855269319780e-02
1.220815150494e+00
4.684959102405e-01
7.279008425543e-04
-7.102177352902e-01
-2.105370345050e-03
-1.568041886220e-04
-1.378591073206e-03
3.211134700425e-02
-1.031219853991e-03
-1.101141717780e-01
1.594912372064e+01
6.170247748067e-01
-1.702567600309e+01
5.720461165744e-01
-3.225295848092e-04
-1.156870454777e+00
-3.218667950324e-03
-2.717940913383e-03
7.965499544277e-04
7.157464240849e-01
-1.502451358953e-03
3.769887065807e-01
-6.067272238120e+00
4.265897861903e-01
-5.056273556709e+00
4.481801965605e-01
2.765876876408e-03
-1.205150912800e+00
2.209892870355e-03
-2.763058553055e-03
1.327989379916e-03
4.047770564081e-02
1.441164001437e-03
1.883000453086e-01
-1.254658867791e+01
-1.600712485208e-01
-3.912387825687e+00
1.131449618622e-01
1.184347231210e-03
-5.303267191350e-01
2.901699910919e-03
5.388382814567e-04
7.528998408115e-04
-5.309599389087e-02
1.326667214739e-03
1.236783430333e-01
-2.053351976386e+00
-2.927821645223e-01
-2.199483671232e+00
6.987936562505e-03
9.810335267702e-04
-4.723311123860e-02
-1.355726293071e-04
2.353745605018e-03
-1.052250820230e-03
5.786261956963e-03
-7.342843846488e-04
1.622449346317e-02
1.778196763396e+01
-2.528285638691e-01
-2.839415378027e+00
-1.304049336692e-01
-9.387943571943e-04
-3.536784816739e-01
-3.178527006895e-03
2.198840043555e-03
3.556614500722e-04
-1.237584903689e-01
2.670881052304e-04
2.329291733650e-01
2.075219623494e+01
8.923685797402e-01
-6.646247249429e+00
-1.100821876607e-01
-5.993728685010e-03
-1.636291297148e+00
-4.382927627434e-03
-8.978630476439e-03
1.395825055740e-03
4.550293014827e-01
-2.046006016965e-03
1.224856736141e+00
-2.532407217486e+01
1.015407326938e+00
-2.837452473685e+01
4.346854968350e-01
-8.311212511915e-04
-1.675644608375e+00
8.751918826329e-03
-1.165703099395e-02
2.564743090432e-03
1.257200678944e+00
5.183883298537e-03
1.161722770507e+00
-1.354066544677e+01
1.119043501767e-04
3.288244499657e+00
-3.017481583077e-01
9.937044037677e-04
-5.498914689734e-01
2.640905797860e-03
-5.719601413969e-04
-8.946198073100e-04
2.998898311962e-01
7.364861420928e-04
7.315395405580e-01
-2.762886515338e+00
-8.112237736277e-02
2.069148746687e-01
-1.885925767924e-01
-2.083079712985e-04
-2.009199930652e-01
-2.844351389558e-04
1.190079393712e-03
1.136603368586e-04
2.398005327862e-01
1.059573643107e-04
3.964783183581e-01
-6.509027814662e+00
-7.610813398619e-02
-1.242762183213e+01
1.553691227344e-01
-2.000226286139e-04
-4.214831576049e-01
-3.624274940009e-04
1.203933636501e-03
-9.258644111079e-05
4.841293129817e-01
-8.609951578790e-05
2.864839150157e-01
4.904713593598e-01
-1.852780187076e-02
-3.172240342275e+00
-1.456633427105e-01
-2.450482796895e-04
-1.408470714162e-01
-2.489487322379e-04
7.520917692366e-05
2.488618450348e-04
5.814429348872e-01
1.703542864765e-04
4.999675955467e-01
-1.143893685964e+00
3.532023115099e-02
-1.721413092644e+00
-9.203978004472e-02
-1.321753102739e-04
-7.300156115745e-02
-8.645770669823e-05
-3.461236265936e-04
2.094285377751e-04
7.403047902369e-01
5.429573265315e-05
4.911098866361e-01
-1.600601060529e+01
4.469068877244e-02
-7.398336810266e+00
2.708067673398e-01
3.511212520508e-06
-5.276030607491e-01
2.674023721924e-04
-3.236015790085e-04
-1.467978300734e-04
7.996186931840e-01
1.229316371480e-04
3.969593804159e-01
-2.222075374123e+00
3.230229368996e-03
4.670959135679e-01
1.012751221502e-01
7.280055867384e-05
3.570240726391e-02
4.854210110094e-05
-4.811664389458e-05
-1.435725594793e-04
7.788819039238e-01
-6.662714253497e-05
2.658906454956e-01
-1.724284581791e+00
-7.939731575189e-03
-3.088681566755e-01
1.975827570846e-01
-1.235045939597e-05
4.589651032497e-02
1.605993488462e-05
9.278354948960e-05
-1.256019325823e-05
7.482942076455e-01
-6.600579006248e-05
1.432321561506e-01
-1.639586316037e+01
-4.754810465474e-03
-1.787265719105e+00
3.482393383349e-01
-1.039110977574e-04
-4.858644073202e-01
-5.038792124713e-05
1.460774227958e-04
4.022228735591e-05
7.247905486123e-01
-4.478697605374e-05
2.559111525641e-01
-1.874312508620e+00
4.185530277311e-03
2.822223654980e-01
4.092813790623e-01
-2.610903718013e-05
-2.956386201204e-02
-9.543433060103e-06
-7.330695062728e-06
9.652028077585e-06
7.090038088468e-01
-3.867856705762e-05
-4.499999302922e-02
-1.786057902685e+00
-7.410028785144e-04
1.972681014569e-01
4.852206886100e-01
-2.419641261447e-05
-9.542479245846e-02
9.958314658448e-06
-2.413878446669e-05
-5.647001051190e-05
6.328905596727e-01
-5.790834790743e-05
-1.309218989535e-01
-1.600835957794e+01
-1.059547839622e-03
4.948758259427e+00
4.317497341118e-01
-6.162531569895e-05
-5.650391887952e-01
-1.856249343753e-05
2.118760014305e-05
1.905260566743e-05
6.742659228894e-01
-1.919037914850e-05
1.879747954990e-01
-1.520900387219e+00
4.380559808130e-03
1.226580938243e+00
5.853363832933e-01
-2.191298567249e-05
-2.900429034119e-01
-8.577651295372e-06
-1.603402010747e-05
5.278790630645e-06
4.506884333458e-01
-2.217314670635e-05
-2.197368426997e-01
-1.532197576953e+00
-2.373701945528e-03
9.106966504329e-01
5.797916516726e-01
-1.867510236768e-05
-3.877613222477e-01
-2.060643898000e-05
6.609662075367e-06
-6.348942166483e-05
3.324756349280e-01
-3.590181207081e-05
-2.297801147502e-01
-1.290999015641e+01
-5.458272362942e-03
1.058165010567e+01
4.312211131584e-01
-4.046114559535e-05
-6.633111996558e-01
-1.873027731078e-05
4.597228817602e-05
3.085757682012e-05
5.688794274210e-01
-1.037036050934e-06
1.846651157906e-01
-9.700015316306e-01
2.672509571007e-03
1.681734957552e+00
5.240065246733e-01
-4.560878760589e-06
-5.982363810938e-01
1.176736917429e-05
-1.526574784774e-05
2.499318740379e-05
1.428412195426e-01
6.120828766517e-06
-1.582014192212e-01
-1.077195351185e+00
-6.587067866094e-04
1.423276142640e+00
4.421571253558e-01
-9.940069928177e-06
-6.666041215328e-01
-3.048470224439e-05
2.679157550704e-06
-4.298990855992e-05
5.425917453987e-02
-1.622767990942e-05
-9.188600427808e-02
-7.906275010681e+00
-4.635215274773e-03
1.474708933502e+01
3.626057987636e-01
-1.679553272334e-05
-7.382899827967e-01
-1.805176535325e-05
3.696172168109e-05
2.326890803506e-05
4.969604044220e-01
5.501419178926e-07
2.550428723516e-01
-2.131566107866e-01
1.677355935063e-03
1.942490200914e+00
2.634929500176e-01
1.192256381533e-05
-7.734849846114e-01
2.012454830574e-05
-1.761995987239e-05
1.829593896820e-05
-3.145268222270e-02
4.976525290308e-06
1.028826676664e-01
-4.451769959763e-01
-2.693489120957e-04
1.726686754941e+00
1.469285383665e-01
-3.668833626801e-06
-7.643881614674e-01
-3.136464474848e-05
7.313566819047e-06
-2.588763192340e-05
-4.537708400817e-02
-8.071922462914e-06
2.022805651438e-01
-1.704665676125e+00
-2.959008281072e-03
1.667251185198e+01
2.619286991130e-01
6.136887054676e-07
-7.410445977842e-01
-1.621814573562e-05
4.111103048482e-05
2.010039473549e-05
4.952812964433e-01
2.463477212850e-06
3.564315469562e-01
5.740007747375e-01
1.624383170649e-03
1.877691013373e+00
-4.438576648764e-02
1.659140618733e-05
-7.131177570837e-01
1.493807498866e-05
-1.885374883609e-05
9.721614336679e-06
2.997520883419e-02
-7.310879910641e-06
4.113885367001e-01
2.499785796609e-01
-7.973580325986e-04
1.764947916291e+00
-1.315678737847e-01
1.710107160292e-06
-6.253469123286e-01
-3.309839195094e-05
8.167950773524e-06
-1.428266535885e-05
9.218907716960e-02
-8.249915790630e-06
4.798979803956e-01
4.773262775279e+00
-1.137906986686e-03
1.610386447167e+01
1.897174608810e-01
1.920930254800e-05
-6.725081923339e-01
-7.505931010222e-07
4.639405638016e-05
1.518208075043e-05
5.659866314594e-01
-6.442650934600e-06
4.299284788817e-01
1.285552498713e+00
2.724059527140e-03
1.502300266218e+00
-2.191133853371e-01
1.359396569558e-05
-4.529212398907e-01
-3.008555933899e-06
-1.990905167147e-05
1.288654654412e-05
2.918468183769e-01
-3.068892245806e-05
5.870877325983e-01
9.188159679688e-01
-2.652921620081e-03
1.526134085345e+00
-2.307212237998e-01
6.742605499513e-06
-3.301701990149e-01
-4.245460206674e-05
8.159003462909e-06
2.536109226673e-06
3.855228383987e-01
-2.732429171200e-05
5.779825420744e-01
1.055321979147e+01
-5.221929713166e-04
1.309467563580e+01
1.879137276700e-01
4.424209429231e-05
-5.724843092078e-01
1.905676258298e-05
5.462077341747e-05
-7.450455384004e-06
6.669347737882e-01
-3.893859116226e-05
4.323107972838e-01
1.784995441159e+00
4.299993414245e-03
8.752672951694e-01
-1.578272001068e-01
-8.204301044130e-07
-1.448113753426e-01
-1.487747890165e-05
-1.611559250760e-05
3.154160703267e-05
6.011179594556e-01
-6.838283268144e-05
5.265279815376e-01
1.426929720106e+00
-5.265029286022e-03
1.068984257989e+00
-9.313837846876e-02
-6.107515909328e-06
-5.155573392246e-02
-4.974341419259e-05
6.786429868118e-06
3.482323446829e-05
6.624984572212e-01
-6.839075711185e-05
4.394342528044e-01
1.477299416221e+01
4.442973079109e-03
8.141234152768e+00
2.581403784806e-01
1.509896305695e-05
-5.016747403348e-01
3.051994868190e-06
3.934979229180e-05
-9.883450870307e-05
7.420704454787e-01
-9.237056788076e-05
3.643870304952e-01
2.007124023990e+00
1.760617018071e-03
8.509356450378e-02
1.044821284747e-01
-3.344047734189e-05
2.970044529389e-02
-3.555986420036e-05
-3.858424049750e-05
5.918294442882e-05
7.798356928521e-01
-6.306702432616e-05
2.665434293059e-01
1.747562086025e+00
-4.998987729253e-03
3.346080819624e-01
2.002388569919e-01
-3.978316053825e-05
4.737015962952e-02
1.966637037068e-05
1.785452166640e-05
2.267102789691e-05
7.596853144834e-01
-9.233502385141e-05
1.451349656164e-01
1.668079668364e+01
-5.126863696948e-03
1.804226366843e+00
3.554941300887e-01
1.987482496139e-05
-4.963073648451e-01
1.541712586996e-06
9.123930788177e-05
-8.586072377168e-05
7.375817680891e-01
-1.099453423008e-04
2.620347421745e-01
1.875558451701e+00
2.132929809017e-03
-6.439961891169e-01
4.105999586863e-01
-3.172427100747e-05
-3.060501675648e-02
-1.259660811507e-05
1.417909333170e-05
-2.705047463802e-05
7.116715864668e-01
-8.332928969403e-05
-4.346176241736e-02
1.827029407587e+00
-1.107608967157e-04
9.661254332578e-03
4.799063246643e-01
-9.542933207499e-05
-8.908173955289e-02
4.669545752353e-05
-3.692189950496e-06
8.608568938615e-05
6.238881396474e-01
-3.623465504414e-05
-1.344872394650e-01
1.669828351388e+01
-3.024386725107e-02
-4.391233700585e+00
4.471663792100e-01
1.026795522454e-04
-5.861545202524e-01
1.332232418080e-04
-9.202423549072e-05
3.744997461260e-06
6.967943971378e-01
-2.814016652396e-06
1.955978760707e-01
1.384590732136e+00
-6.954624208048e-03
-1.703085781495e+00
6.121852106340e-01
1.131573683231e-04
-3.080413969871e-01
-1.305012828834e-04
-1.370391694358e-04
-2.599700086271e-04
4.764900489622e-01
-8.928018785525e-05
-2.232194109306e-01
8.332161896483e-01
1.945781181212e-02
-1.907535776573e+00
5.649660769778e-01
7.800207633330e-05
-3.760893707387e-01
1.225241905304e-04
3.916824694737e-05
1.599400243068e-04
3.242833230828e-01
1.443708017824e-04
-2.254334298411e-01
1.157957212766e+01
-6.862292255182e-02
-1.051959099505e+01
3.793438842987e-01
3.899431099014e-04
-5.958212040279e-01
6.101647001061e-04
5.906157673763e-04
2.783695372811e-04
5.178360440370e-01
2.843118789305e-04
1.772477810764e-01
1.323053184540e+00
-6.247230539758e-02
-1.137924904700e+00
4.638311073816e-01
2.850466448114e-04
-5.267416222591e-01
-4.633809839803e-04
4.762999331032e-04
-4.924233055504e-04
1.167847655553e-01
-1.891206453251e-04
-1.465700661546e-01
4.976020652144e+00
6.240272799402e-02
1.013849840139e+00
4.638793480014e-01
5.496143621358e-04
-7.035130878657e-01
-1.090148932184e-03
-1.997377902117e-04
-8.555923247602e-04
3.145918114750e-02
-4.256410938087e-04
-1.095244695357e-01
1.561223209098e+01
2.361898585246e-01
-1.692273975128e+01
5.563861548331e-01
7.502879738599e-04
-1.131141363113e+00
-6.659150318228e-04
-1.983703540181e-03
1.894628107963e-04
7.045393637824e-01
-3.299903842573e-04
3.698517298580e-01
-5.721144966423e+00
7.819843276645e-02
-4.858329589963e+00
4.370141608194e-01
2.261112253802e-03
-1.184221507923e+00
1.404689971233e-03
-1.413363140626e-03
6.912299824387e-04
3.752718365841e-02
5.486643618875e-04
1.838203706850e-01
-1.229436123551e+01
-7.886644649164e-02
-3.751734937729e+00
1.151577925108e-01
7.207558435087e-04
-5.364072349408e-01
-1.735751080360e-04
3.471830423968e-04
-1.092979253529e-04
-4.964138583148e-02
-3.307597356745e-04
1.267170477222e-01
-2.214150265698e+00
6.961725862911e-02
-2.732033210632e+00
7.849852061893e-03
-5.024243154303e-04
-5.467779352868e-02
-9.429538132325e-04
2.107713616893e-03
4.778450029987e-04
6.419813930328e-03
5.915889296535e-05
1.916186547234e-02
1.753642150883e+01
1.387312461596e-01
-2.858318152821e+00
-1.289631205924e-01
-4.375676749041e-04
-3.545575906994e-01
2.223610435398e-04
2.057266731300e-03
-2.537972291623e-04
-1.211015880815e-01
2.911611281025e-05
2.331759138810e-01
2.055450995509e+01
-3.786752749957e-01
-6.658966454668e+00
-1.139594215607e-01
1.096706570259e-03
-1.615865650606e+00
2.323077323307e-03
-7.438354020890e-03
-1.037393130436e-03
4.480206360897e-01
2.910798062088e-03
1.209421419124e+00
-2.488120710234e+01
-7.099134236943e-01
-2.832013604766e+01
4.331662666120e-01
-2.432312629077e-04
-1.667034681293e+00
-3.612387313187e-03
-1.010062180971e-02
-1.928975044189e-03
1.255061114337e+00
-1.866636957268e-03
1.153902436008e+00
-1.352711808456e+01
-6.124379668093e-02
3.292967417998e+00
-3.012847124832e-01
-1.366836694520e-03
-5.519033437830e-01
-2.323463953204e-03
-5.090166678600e-04
9.213542889387e-04
3.021843915007e-01
-1.582097104057e-04
7.330515025966e-01
-2.815659385625e+00
1.046175786533e-01
2.436017771678e-01
-1.887752560812e-01
-1.884554726053e-04
-2.001904976369e-01
-3.062831222515e-04
1.090443420331e-03
2.793661177873e-04
2.389106198677e-01
9.374774588447e-05
3.959326240696e-01
-6.465988919361e+00
1.160773298556e-01
-1.243814913539e+01
1.549286265949e-01
-1.201946704854e-05
-4.202228381142e-01
7.999839877366e-04
1.171405279279e-03
-1.029955937775e-05
4.828686429771e-01
5.330117049253e-04
2.856873931582e-01
4.953619672230e-01
-5.324784068943e-03
-3.179223339879e+00
-1.454473530145e-01
2.287310816664e-04
-1.414811674948e-01
3.050898525342e-04
1.032226804653e-04
-3.172640856039e-04
5.823508124843e-01
6.815262907124e-05
5.004421238665e-01
-1.162583940075e+00
-2.385330684660e-02
-1.692773074848e+00
-9.215185401376e-02
-3.826731200014e-05
-7.274641825569e-02
-1.108955402381e-04
-3.816540447643e-04
8.672485690449e-05
7.398070599231e-01
2.397177836915e-05
4.907733787174e-01
-1.598812993554e+01
-1.014016086773e-02
-7.404290671553e+00
2.704727690243e-01
-1.475946534069e-04
-5.269381070107e-01
-8.462965261465e-05
-3.429684473824e-04
9.188182898597e-05
7.985372838000e-01
-3.400912365966e-05
3.963268568065e-01
-2.216816997784e+00
-3.735005595560e-03
4.551905100883e-01
1.013406859211e-01
-2.738100515302e-05
3.555640415527e-02
9.320903659462e-06
-4.044097509010e-05
1.638810423718e-05
7.789053036925e-01
-4.123529638320e-05
2.658751330382e-01
-1.725363208023e+00
6.108083260141e-03
-3.022583205699e-01
1.976105224126e-01
-4.884986502857e-05
4.586697640732e-02
-2.680771513379e-05
8.667881949617e-05
8.047045718379e-05
7.483725806205e-01
-5.022439070239e-05
1.432731532028e-01
-1.639423751565e+01
1.775276216512e-02
-1.782126087920e+00
3.480547924431e-01
-4.661501294770e-05
-4.856955904356e-01
6.645908764564e-05
1.378079163144e-04
1.491362581310e-05
7.243848917741e-01
-1.804239083309e-05
2.558202421341e-01
-1.874224054492e+00
2.501770999075e-03
2.735557023430e-01
4.091373083573e-01
-1.244303713099e-05
-2.949037448538e-02
9.489544254125e-06
-9.399653013460e-06
-1.009196163378e-04
7.087354798646e-01
-1.048122120938e-04
-4.503085791130e-02
-1.786977485725e+00
-4.558401625267e-03
1.928503262619e-01
4.853648596098e-01
-3.749406144340e-05
-9.554345577573e-02
-1.837554230102e-05
-1.840875233946e-05
8.903900038749e-06
6.331072217720e-01
-5.588793361354e-05
-1.308842464953e-01
-1.600736976545e+01
1.902112320612e-03
4.957066481609e+00
4.317472828213e-01
-6.625503508848e-05
-5.650558369509e-01
2.816346934253e-05
2.024379624207e-05
6.699796245863e-05
6.742914984633e-01
-2.679762211977e-05
1.880185015741e-01
-1.521975693794e+00
1.288238937756e-03
1.223716877653e+00
5.851854311771e-01
-4.634723455306e-05
-2.898918892182e-01
-3.624054274546e-06
-1.967789024295e-05
-3.436437404340e-05
4.505120819934e-01
-4.684526375808e-05
-2.197432898268e-01
-1.535443761956e+00
-1.149689886016e-03
9.059802507481e-01
5.799014525230e-01
-3.257463316345e-05
-3.878782676756e-01
-1.278272125418e-05
1.291634208915e-05
1.311924448781e-05
3.325851655853e-01
-2.322680709971e-05
-2.297677386808e-01
-1.290848042098e+01
2.099232641622e-03
1.058674631267e+01
4.313075252197e-01
-3.239482118144e-05
-6.634194734961e-01
3.373698355819e-05
4.815948302185e-05
2.151061388937e-05
5.689918767907e-01
-1.779009914209e-05
1.847046708794e-01
-9.696625387970e-01
-2.184378339906e-04
1.682019789321e+00
5.239538082517e-01
-3.754109281845e-05
-5.981433499952e-01
-8.278109525889e-06
-1.737074797774e-05
-2.115181114909e-05
1.427808936377e-01
-1.502938350550e-05
-1.582189368349e-01
-1.079771201061e+00
-2.700208275157e-04
1.421601729682e+00
4.421819455983e-01
-1.882206489912e-05
-6.666474439384e-01
3.665250397274e-06
6.003526377506e-06
2.512410506406e-05
5.428226015402e-02
-1.404673230090e-06
-9.187580320348e-02
-7.905872992258e+00
1.992182832445e-03
1.474890762601e+01
3.626569784877e-01
-1.787140464605e-05
-7.383808736832e-01
2.161123297171e-05
3.876583112112e-05
-4.699926752897e-06
4.970262516477e-01
-1.495069278069e-05
2.550754869932e-01
-2.121159966801e-01
-1.538501254101e-03
1.942928276535e+00
2.634941970231e-01
-2.617412366960e-05
-7.734812962022e-01
-8.863014394661e-06
-1.845636875485e-05
-1.340669691106e-05
-3.146606773734e-02
2.127956804673e-06
1.028766689915e-01
-4.452330804343e-01
6.893879654532e-04
1.726667716486e+00
1.469258413536e-01
-6.319233799373e-06
-7.643709665478e-01
3.100856167964e-05
8.555967128787e-06
2.570796698940e-05
-4.537386329075e-02
1.054449674209e-05
2.022761531804e-01
-1.704715538622e+00
3.578973328246e-03
1.667257200306e+01
2.619243221657e-01
-1.567094226605e-05
-7.410221262102e-01
1.494531001805e-05
4.065523933955e-05
-1.951148805912e-05
4.952767673767e-01
-2.097929070955e-05
3.564201936174e-01
5.730774459236e-01
-1.884841782838e-03
1.877735477222e+00
-4.438707423390e-02
-1.964706304407e-05
-7.131274550022e-01
-2.424342946568e-05
-2.057686014590e-05
-9.187547014085e-06
2.997189216895e-02
4.237577216085e-06
4.113952926065e-01
2.516910580978e-01
3.277504627601e-04
1.764602676074e+00
-1.315487798019e-01
8.661322309533e-06
-6.253671288082e-01
5.148716796449e-05
9.795871743579e-06
1.028992125520e-05
9.221098060875e-02
1.060248690113e-05
4.799049362548e-01
4.774821791344e+00
5.784196314759e-03
1.610148333968e+01
1.896824274395e-01
-8.701137185117e-06
-6.723682116681e-01
1.570813968999e-05
4.313796228285e-05
-3.950660943307e-05
5.658680147717e-01
-2.755480859368e-05
4.298289207194e-01
1.280663877729e+00
-1.271903091881e-03
1.504399280745e+00
-2.191218000464e-01
-1.714032483902e-05
-4.528634514648e-01
-4.774983192432e-05
-2.520791578291e-05
9.529536362583e-06
2.918004050991e-01
-4.398363532409e-06
5.870466435079e-01
9.199261156670e-01
-1.333563705612e-03
1.525492792943e+00
-2.306889734373e-01
2.301724530859e-05
-3.302985552508e-01
5.410909860730e-05
1.239364020782e-05
-1.062556578245e-05
3.856412250012e-01
-1.070863228505e-05
5.780904025291e-01
1.055660423958e+01
7.467282604698e-03
1.308680855151e+01
1.878303538577e-01
7.265180594878e-06
-5.722935411593e-01
1.449548172808e-05
4.988308515563e-05
-7.325343486125e-05
6.666949577101e-01
-5.178215701569e-05
4.321776770794e-01
1.777836915792e+00
5.188446552403e-04
8.825041806008e-01
-1.578509463584e-01
-2.105598523813e-05
-1.446815314733e-01
-5.919809344165e-05
-2.596825918960e-05
4.548275398530e-05
6.009253085076e-01
-2.917925570307e-05
5.263944117546e-01
1.425656689529e+00
-3.949641265747e-03
1.071394402819e+00
-9.307455665847e-02
1.242774339814e-05
-5.173917566807e-02
3.498713959308e-05
1.363049330984e-05
-1.134754067959e-05
6.628435919936e-01
-5.882817155391e-05
4.396634809413e-01
7.379237966117e+00
1.043627797513e+01
4.069185360358e+00
1.289395957337e-01
8.442007372405e-04
-2.506951818316e-01
-9.844058415019e-02
-5.807803626962e-05
-5.418408745651e-02
3.709730652019e-01
-5.251888844849e-02
1.820935666958e-01
9.995879043714e-01
6.240392055789e+00
4.594056185851e-02
5.225462743204e-02
-9.606469484599e-04
1.485088961770e-02
-1.332219943571e-02
1.326616702246e-05
-6.003927586452e-04
3.899081217888e-01
1.331792666277e-04
1.332938061155e-01
8.726840230166e-01
5.987583556603e+00
1.667978609418e-01
1.001544150399e-01
-2.418233814472e-05
2.366649613852e-02
-1.173497787266e-02
1.395428118025e-05
-2.268400078519e-03
3.799521434247e-01
-8.100360178602e-06
7.260476009450e-02
8.334334598595e+00
1.036029701515e+01
9.010055025152e-01
1.777183052955e-01
-1.928806322901e-02
-2.481147818308e-01
-1.111527075896e-01
-3.294204795935e-05
-1.195793557155e-02
3.688498220691e-01
-4.857772610362e-02
1.309541219408e-01
9.350582678445e-01
6.179965071408e+00
-3.222446878515e-01
2.052626178877e-01
-7.809050996741e-04
-1.528497996776e-02
-1.246643608880e-02
-2.620847508830e-05
4.304348945400e-03
3.557481363369e-01
4.429639686716e-04
-2.170779543838e-02
9.145168534607e-01
6.005668681037e+00
1.527026795365e-02
2.399754912927e-01
5.037450166371e-04
-4.448489891067e-02
-1.231168762963e-02
-6.392371927184e-07
-1.569936277426e-04
3.119341461830e-01
-4.050814700158e-04
-6.731264999773e-02
8.355539032781e+00
1.075289309001e+01
-2.187724532063e+00
2.239905490797e-01
-3.690590202464e-02
-2.936200072649e-01
-1.113831786787e-01
2.557622435312e-04
2.925131308666e-02
3.490536286864e-01
-3.924867820525e-02
9.788941942779e-02
6.785602493007e-01
6.496440196283e+00
-8.779620078361e-01
3.063455771747e-01
-9.599761948568e-04
-1.542552599011e-01
-9.062780684870e-03
1.359174453300e-04
1.150840236350e-02
2.385513821168e-01
1.314060875048e-03
-1.115815385017e-01
4.123866690818e-01
5.871968780035e+00
-9.576750844797e-01
2.821295141166e-01
-8.896201629865e-04
-1.876093863061e-01
-5.658184739221e-03
-1.486644389839e-04
1.269489906844e-02
1.616859399099e-01
1.718851839149e-03
-1.128604115968e-01
5.819404756971e+00
9.434723339020e+00
-5.245157990008e+00
1.902713254273e-01
-4.502731764073e-02
-2.987670838360e-01
-7.755201257031e-02
3.520896908573e-05
6.992207159108e-02
2.595457078853e-01
-1.782287142831e-02
8.884192415112e-02
6.469283570688e-01
5.451973357559e+00
-5.976540416347e-01
2.327174395784e-01
2.519998469352e-04
-2.642934266638e-01
-8.584093511557e-03
5.668262586625e-05
7.956350030245e-03
5.891008138236e-02
-3.460547270383e-04
-7.320906519733e-02
2.470380656700e+00
6.299449870749e+00
4.705682505890e-01
2.308339687234e-01
1.296218135273e-03
-3.503131389946e-01
-3.297943636207e-02
-2.919305013162e-04
-6.232338362939e-03
1.531964282690e-02
-7.874928980574e-03
-5.473359717040e-02
7.836592633770e+00
1.501679724253e+01
-8.450647703212e+00
2.755654990384e-01
-6.982601201636e-02
-5.628999485136e-01
-1.036020023666e-01
-2.120785160622e-04
1.128635476702e-01
3.513683760996e-01
-1.059951824885e-02
1.838833059350e-01
-2.813468204633e+00
9.659778747166e+00
-2.373135534288e+00
2.175760091625e-01
3.013478130435e-03
-5.919880893458e-01
3.670421420762e-02
3.649062489443e-04
3.086381323109e-02
1.875863965323e-02
1.206003049146e-02
9.163070793100e-02
-6.230107240582e+00
4.214238374429e+00
-1.759676155134e+00
5.844423626951e-02
6.520434855608e-03
-2.696247812850e-01
8.179788407424e-02
1.357798161221e-04
2.681187204048e-02
-2.408575802911e-02
2.167222951759e-02
6.415428486061e-02
-1.171690888154e+00
9.837040665778e-01
-1.453180219341e+00
3.181172160593e-03
-4.413777741861e-03
-2.500551909605e-02
1.641180662831e-02
-1.796771538686e-03
1.987833685742e-02
1.293909990858e-03
5.718998567903e-03
8.337439550665e-03
9.185834573013e+00
3.064325076235e+00
-1.188913782301e+00
-6.699060618233e-02
-1.490451440839e-02
-1.751265780364e-01
-1.241635944725e-01
-2.151965783599e-03
1.781647151696e-02
-6.467214166966e-02
-2.601582580873e-02
1.157501959216e-01
1.123754571394e+01
1.593750916442e+01
-3.393402035640e+00
-5.681887697787e-02
-2.279117190736e-02
-8.293672967655e-01
-1.358869349956e-01
7.788512040467e-03
4.302628833695e-02
2.316632007793e-01
-3.138747959382e-02
6.207673484241e-01
-1.289715798910e+01
2.417844466877e+01
-1.426599315170e+01
2.212966191163e-01
-5.771533463622e-02
-8.566404070255e-01
1.697854756330e-01
1.179162259767e-02
1.909247265102e-01
6.424610395662e-01
9.707872735335e-02
5.947924267853e-01
-7.148098865796e+00
7.530678421201e+00
1.796766733413e+00
-1.524280467318e-01
1.855042516322e-02
-2.780623000312e-01
9.382413038513e-02
8.215271417763e-04
-2.263526440543e-02
1.511313699969e-01
1.495881426542e-02
3.696738691794e-01
-1.484070628423e+00
3.928599112667e+00
1.752579686407e-01
-9.375481151394e-02
3.773815024107e-03
-9.776459428705e-02
1.951919790455e-02
-1.427442082382e-03
-1.635445778733e-03
1.166730357708e-01
2.271593310551e-03
1.948785335135e-01
-3.157702644169e+00
7.708289486606e+00
-6.229438657584e+00
7.688163867834e-02
-2.113392665876e-02
-2.075997752790e-01
4.235785994731e-02
-1.575423283976e-03
8.305033062416e-02
2.383888888487e-01
3.627715124014e-02
1.404413092828e-01
3.046330143131e-01
5.974613992910e+00
-1.644631548029e+00
-7.252362275292e-02
-4.635261772986e-03
-7.088537282147e-02
-3.685005934986e-03
-4.841485455122e-05
2.148929432255e-02
2.912880272211e-01
-1.341101467710e-03
2.501297691593e-01
-5.746688282259e-01
6.731084588622e+00
-8.562860413529e-01
-4.606528599274e-02
-1.309418403766e-03
-3.665690120520e-02
7.760464180706e-03
4.151857827793e-04
1.122461110866e-02
3.710277584350e-01
-2.280562593850e-04
2.461020310542e-01
-8.004341902358e+00
1.109848921088e+01
-3.690334706720e+00
1.352792963327e-01
1.204514619621e-03
-2.636229825460e-01
1.066602504974e-01
3.049818533549e-04
4.923413768845e-02
3.999227463347e-01
5.488218594100e-02
1.984732468315e-01
-1.114481296855e+00
6.223293801628e+00
2.420296006790e-01
5.070782245310e-02
1.968311460464e-03
1.774698609500e-02
1.481338045763e-02
4.901277985889e-05
-3.096691479854e-03
3.896169258483e-01
-3.105488697023e-04
1.330315975788e-01
-8.667945341385e-01
5.898895592504e+00
-1.391391734882e-01
9.870396218559e-02
6.577049771455e-05
2.297114898460e-02
1.158521350012e-02
-1.050322721260e-04
1.968479293590e-03
3.738789969420e-01
-8.736840056717e-05
7.157111964575e-02
-8.191810376173e+00
1.016483619457e+01
-8.954775951733e-01
1.737564225144e-01
1.881445895236e-02
-2.425788930712e-01
1.091967693123e-01
-2.126739204580e-04
1.188321489384e-02
3.617311381272e-01
4.758953912435e-02
1.276945498761e-01
-9.368535509429e-01
6.153342203843e+00
1.264859515265e-01
2.045514597621e-01
1.661019718516e-04
-1.475657016288e-02
1.247451444657e-02
-1.272955038694e-05
-1.734541373972e-03
3.543082361404e-01
-2.007100497754e-04
-2.249218411538e-02
-8.947334306258e-01
6.098255721282e+00
9.578161258208e-02
2.427786752589e-01
-2.628989901184e-04
-4.783024373200e-02
1.196382671004e-02
3.669173510609e-05
-1.286718518353e-03
3.166914166187e-01
1.102448994366e-04
-6.542938025742e-02
-8.002262794719e+00
1.040197046756e+01
2.478431591497e+00
2.158469950317e-01
3.659818859741e-02
-2.824951218300e-01
1.066556969607e-01
-2.726947535103e-05
-3.308313028232e-02
3.371414459342e-01
3.707685249110e-02
9.391876429790e-02
-7.611188671570e-01
6.176130326091e+00
6.101995780761e-01
2.926018065896e-01
3.903987958715e-04
-1.449339372640e-01
1.013946125957e-02
3.112871686387e-06
-8.133265525255e-03
2.252537645841e-01
-6.209061513409e-04
-1.098524491932e-01
-7.679522295449e-01
6.037260620925e+00
4.537851746746e-01
2.899591427000e-01
-1.339380375658e-04
-1.939478876173e-01
1.028996861458e-02
-6.636132576666e-06
-6.066806291836e-03
1.663059022647e-01
1.200162356080e-04
-1.148766465079e-01
-6.454351165697e+00
1.034562144042e+01
5.289159718126e+00
2.155982995793e-01
4.775782088411e-02
-3.316803890582e-01
8.600268182664e-02
-4.682337665826e-05
-7.056217546180e-02
2.844393847916e-01
2.032834163358e-02
9.226031721679e-02
-4.856719657458e-01
6.177307379828e+00
8.391217513809e-01
2.620127839699e-01
1.144652098554e-04
-2.990914813417e-01
6.461635700045e-03
1.097008981248e-05
-1.118780823356e-02
7.141074768839e-02
-6.457445083846e-04
-7.909031129030e-02
-5.393460784977e-01
6.042076964038e+00
7.115590705631e-01
2.210905622975e-01
-6.945575037397e-05
-3.333199364002e-01
7.232616352185e-03
-7.046664740608e-06
-9.529066844071e-03
2.714017557563e-02
1.770271420024e-04
-4.593928145665e-02
-3.955664733707e+00
1.036968441582e+01
7.369532495649e+00
1.812606836220e-01
5.203973917019e-02
-3.691862828519e-01
5.267336525647e-02
-3.660851799164e-05
-9.828302236125e-02
2.484476118551e-01
5.195702659562e-04
1.274600563646e-01
-1.067719881725e-01
6.185147237318e+00
9.702531903312e-01
1.317960202471e-01
-1.454583116889e-04
-3.868045314562e-01
1.414495335436e-03
1.982075409918e-05
-1.292830048872e-02
-1.570524370615e-02
-7.170755062719e-04
5.146996018001e-02
-2.205057889883e-01
6.029116980413e+00
8.639626626381e-01
7.345382106835e-02
2.892413792448e-06
-3.821504173378e-01
2.968484780960e-03
-1.502363114197e-05
-1.157952554407e-02
-2.269702373926e-02
1.736620645942e-04
1.011240568869e-01
-8.579340389388e-01
1.037720413233e+01
8.332155088461e+00
1.308526450546e-01
4.838087561789e-02
-3.704570291869e-01
1.135516845347e-02
-5.111549475260e-05
-1.110910312505e-01
2.475576137100e-01
-1.940401982283e-02
1.781372098025e-01
2.845188460327e-01
6.192137932213e+00
9.380175374880e-01
-2.215625220772e-02
-4.282630208917e-04
-3.566395193569e-01
-3.802023452756e-03
2.332880406051e-05
-1.249244012282e-02
1.502022298790e-02
-6.448596593031e-04
2.057518189489e-01
1.288404691803e-01
6.020612787125e+00
8.819303572072e-01
-6.577145274073e-02
6.884770747745e-05
-3.126613251578e-01
-1.714030811930e-03
-1.393957392662e-05
-1.183106528363e-02
4.609524787135e-02
1.526091077913e-04
2.399337170129e-01
2.380412047237e+00
1.039281910565e+01
8.048008658053e+00
9.470363023671e-02
3.740157548255e-02
-3.360708573449e-01
-3.182355324460e-02
-6.816120092828e-05
-1.072703383488e-01
2.828298492746e-01
-3.647703273263e-02
2.148167322750e-01
6.364191556970e-01
6.202652399180e+00
7.526515449874e-01
-1.095350981957e-01
-6.850628489622e-04
-2.264858917394e-01
-8.492807548562e-03
2.264117149114e-05
-1.001569200504e-02
1.459390842880e-01
-4.698774269119e-04
2.935830802249e-01
4.627028235036e-01
6.010722005395e+00
7.609635648149e-01
-1.153354905438e-01
1.042741541663e-04
-1.651666867396e-01
-6.197330922466e-03
-5.729823859594e-06
-1.022166749050e-02
1.928286327362e-01
9.352154623448e-05
2.890539419100e-01
5.271032557485e+00
1.039855292584e+01
6.541299493329e+00
9.376035718745e-02
2.067799590095e-02
-2.859836359814e-01
-7.035100878623e-02
-8.437709429971e-05
-8.715649336928e-02
3.332132682418e-01
-4.805973406242e-02
2.159614849214e-01
8.835653625998e-01
6.208094736007e+00
4.443315287037e-01
-7.890218805176e-02
-8.491722978065e-04
-7.235470770311e-02
-1.178859955550e-02
1.197162824166e-05
-5.899808234762e-03
3.004711220217e-01
-1.956803074112e-04
2.632258165896e-01
7.132259000171e-01
6.004308525931e+00
5.342662435379e-01
-4.652579329188e-02
1.650175879360e-04
-2.590972685974e-02
-9.579495304745e-03
9.711138214555e-06
-7.185278437120e-03
3.314947149816e-01
3.081714169710e-05
2.198862817548e-01
-2.545545322188e+00
-6.983301804491e+00
-1.189309597339e+00
2.175087477053e-01
-4.338199617538e-05
-4.106827105677e-01
-3.394051494802e-02
1.257001904133e-05
-1.598909523354e-02
3.456570873810e-03
-2.024833475215e-02
2.626875659786e-03
-3.315824662326e-01
-5.177652516539e+00
-3.163129905711e-01
1.630529579294e-01
-3.339617101305e-05
-3.030434827580e-01
-4.435168385142e-03
3.521080658965e-05
-4.203723435842e-03
3.684706289635e-03
-2.484935881677e-03
4.857950790464e-03
-3.844687327155e+00
-2.322100832440e+00
-1.942960257357e+00
6.892075309265e-02
1.610985617113e-05
-1.392593932121e-01
-5.100289285894e-02
5.594316152972e-06
-2.604098069451e-02
-3.957500690070e-03
-2.958343877489e-02
-4.133588392966e-03
-5.091837160057e+00
2.105259741647e-03
-2.395405333414e+00
4.350684145882e-01
9.534990453390e-06
-8.212853789097e-01
8.435097860597e-06
4.311707525579e-06
5.634822736129e-05
6.934545292069e-03
-6.427541137542e-06
5.204203125313e-03
-6.642532754004e-01
2.074322340064e-03
-6.357893472720e-01
3.260057162804e-01
-2.135436131897e-05
-6.059043520482e-01
6.008439372183e-06
-1.989683249593e-05
5.833417933884e-07
7.347629435246e-03
7.801573169741e-06
9.650018975487e-03
-7.700978059237e+00
2.254676936906e-04
-3.877729637912e+00
1.378115368447e-01
-5.456592234931e-06
-2.784749914654e-01
6.874378376490e-06
-2.502523996047e-06
4.476309741938e-06
-7.906287891078e-03
4.908470681020e-06
-8.255194460373e-03
-5.089872705753e+00
2.863263397489e-03
-2.394255053022e+00
4.349573280023e-01
1.957536458190e-05
-8.210921854223e-01
1.219820172711e-05
3.753485339016e-06
-4.413598011764e-05
6.925339608756e-03
2.522206215978e-05
5.198149650260e-03
-6.632055865703e-01
-4.893074696398e-04
-6.350151292909e-01
3.259728260030e-01
4.228360442964e-05
-6.058335318794e-01
5.869346220024e-06
-1.935223762234e-05
6.464314932863e-06
7.350029135545e-03
1.410370619682e-06
9.651476119252e-03
-7.701435553288e+00
1.837729858146e-03
-3.877783160037e+00
1.378099903054e-01
1.654139249829e-05
-2.784635720616e-01
-2.196929434791e-06
-2.289950633960e-06
-2.769006332213e-06
-7.900957075348e-03
-1.370593684171e-06
-8.251955293924e-03
-2.543673506647e+00
6.980741273992e+00
-1.189394392820e+00
2.173798948324e-01
6.812532034677e-05
-4.104589198389e-01
3.391240403140e-02
-1.993577073317e-05
1.597255082456e-02
3.440905071892e-03
2.023552976122e-02
2.613008189144e-03
-3.301246003514e-01
5.176701811808e+00
-3.160767294894e-01
1.630143876932e-01
4.998637720915e-05
-3.029597636848e-01
4.419343268168e-03
2.431200756981e-05
4.193489985085e-03
3.686158602369e-03
2.478696892621e-03
4.857434236664e-03
-3.845704147637e+00
2.323040651848e+00
-1.943494693533e+00
6.891894046209e-02
-1.284574189199e-05
-1.392455140282e-01
5.099630099221e-02
3.726111155061e-06
2.603895627494e-02
-3.950161226185e-03
2.958158435032e-02
-4.132213210903e-03
-2.739872791048e+00
-6.972811157909e+00
-1.157070005163e-01
4.207492828417e-02
-7.611223189849e-03
-4.263674212520e-01
-3.662915907907e-02
9.570598134683e-06
-1.690778905640e-03
-1.275152482154e-02
-1.838203230274e-02
1.778032595490e-01
-4.222227309846e-01
-5.213684195525e+00
-1.642946227890e-01
3.457702535822e-02
-9.500055665606e-04
-3.172756859722e-01
-5.649910305173e-03
7.033008500189e-05
-2.180383176992e-03
-7.983706568030e-03
-2.271718721632e-03
1.348521517554e-01
-4.316710385795e+00
-2.329570744787e+00
-3.266317437743e-01
7.470353504024e-03
-1.137652331070e-02
-1.447851832200e-01
-5.742859261484e-02
1.654298729705e-05
-4.585904328275e-03
-9.083117749221e-03
-2.747112621455e-02
5.753907664370e-02
-5.503108486122e+00
2.071153592422e-03
-2.515553062210e-01
8.421178711514e-02
4.965747533710e-05
-8.528039642543e-01
-4.481902354568e-05
6.817075446441e-06
3.922242346893e-05
-2.560908571658e-02
-8.802098485088e-05
3.555558358735e-01
-8.487471338207e-01
6.403155560134e-03
-3.325566310547e-01
6.907399661338e-02
1.444826118408e-05
-6.341048312013e-01
6.882127791030e-06
-3.129260996978e-05
-4.465481770746e-06
-1.606270156931e-02
1.612938512788e-06
2.694422630354e-01
-8.644274629138e+00
2.223260778274e-03
-6.402264020112e-01
1.495429748321e-02
-7.014954955525e-06
-2.894278829210e-01
3.130607890818e-05
-5.621129673749e-06
1.389331880144e-06
-1.813452257675e-02
2.201775806584e-05
1.150318414902e-01
-5.512137813474e+00
2.841982011998e-03
-2.525183109064e-01
8.417819527626e-02
7.467148174747e-05
-8.526917903146e-01
-5.061643081942e-05
2.284324846560e-06
-4.806577652957e-05
-2.569631131075e-02
-3.884358721334e-05
3.554983838770e-01
-8.475464160560e-01
2.206829791962e-03
-3.318408728886e-01
6.903894610035e-02
6.927748777433e-05
-6.337317870130e-01
5.165661843628e-06
-2.765062032534e-05
6.764049647802e-06
-1.611119279867e-02
-3.142575175830e-05
2.692756469865e-01
-8.649422061656e+00
3.838641921980e-03
-6.396211513015e-01
1.497408064981e-02
4.081162302372e-05
-2.893119021345e-01
1.533718845357e-05
-1.052696782622e-06
5.541865559942e-07
-1.810780626036e-02
1.062033809607e-06
1.149900992377e-01
-2.754609430773e+00
6.972217629949e+00
-1.214628831938e-01
4.203268327091e-02
7.722920594203e-03
-4.262530836907e-01
3.676181895228e-02
-1.842819311759e-05
1.703447393228e-03
-1.285652592486e-02
1.837920574355e-02
1.777293201565e-01
-4.226576806118e-01
5.208547543997e+00
-1.663997713800e-01
3.453080576062e-02
1.001949493362e-03
-3.168364874501e-01
5.636153731304e-03
1.235911414236e-05
2.175277219834e-03
-8.048484584130e-03
2.243621015608e-03
1.346476510255e-01
-4.323063443366e+00
2.333759649840e+00
-3.266743534653e-01
7.497010712660e-03
1.137270916891e-02
-1.446422641035e-01
5.736381088421e-02
-4.767108987941e-06
4.584717584935e-03
-9.055458861921e-03
2.745162249841e-02
5.747746153473e-02
-2.814198834773e+00
-7.057583070003e+00
1.013632960405e+00
-9.450380337418e-02
-1.500681669572e-02
-3.178600246092e-01
-3.758655950730e-02
1.664466076686e-05
1.338575856786e-02
1.006216536769e-01
-1.512529791238e-02
3.170671810513e-01
-4.754960267838e-01
-5.111532371041e+00
1.879924945157e-02
-6.595529205501e-02
-1.804390030405e-03
-2.293737287436e-01
-6.332573634598e-03
2.359885834621e-05
2.602075141810e-04
7.231415581636e-02
-1.852354505020e-03
2.311488599111e-01
-4.039852689931e+00
-2.304541919120e+00
1.327610396011e+00
-3.870421137846e-02
-2.073293717133e-02
-1.036081868256e-01
-5.392791699659e-02
4.706874341895e-06
1.746931562702e-02
3.139396825176e-02
-2.076947616390e-02
1.033912557699e-01
-5.640047252463e+00
9.110626198412e-04
2.010948575378e+00
-1.889773653027e-01
1.183369838833e-04
-6.357930518300e-01
-1.316491874791e-05
-1.213221030690e-05
4.641582704164e-05
2.011073635664e-01
-1.818801329288e-04
6.341195122102e-01
-9.530131022435e-01
3.481087123879e-03
3.416399408111e-02
-1.318474255302e-01
5.001177168938e-05
-4.586592044592e-01
-9.562958428833e-06
1.247118098329e-05
-1.463912956540e-05
1.445114473723e-01
-4.619836055081e-05
4.621406455120e-01
-8.094414553674e+00
2.893208877558e-03
2.674127461537e+00
-7.740322207672e-02
6.500262908089e-05
-2.071439741912e-01
1.446913163314e-05
6.350438946730e-06
-1.437435363941e-05
6.273724567944e-02
5.490219466821e-06
2.067397485542e-01
-5.658086600832e+00
-1.523609348309e-03
2.016813737132e+00
-1.890907561360e-01
6.326539610114e-05
-6.358960290430e-01
-1.750892849762e-04
-2.283367113191e-05
1.791227914221e-05
2.009975488201e-01
-2.101676932046e-04
6.342952739862e-01
-9.530725202405e-01
7.261379511551e-03
3.512026074773e-02
-1.317385508126e-01
8.067625177400e-05
-4.583280832405e-01
2.784264400066e-06
2.095236169438e-05
1.668493256407e-05
1.443001496923e-01
-1.030236830175e-04
4.618312746610e-01
-8.106710726191e+00
6.891932151717e-03
2.679272328002e+00
-7.733099236326e-02
1.607671149784e-04
-2.070272531280e-01
5.158931580538e-05
1.712308676528e-05
-1.341609026482e-05
6.267793901012e-02
-3.639302535726e-06
2.066082780189e-01
-2.842811309125e+00
7.061257445329e+00
1.015546582617e+00
-9.464143098400e-02
1.523417487727e-02
-3.180143625879e-01
3.784799327879e-02
3.027181972766e-05
-1.347451956303e-02
1.005103237896e-01
1.502382388256e-02
3.172732569324e-01
-4.807956901104e-01
5.105343699732e+00
1.655077812598e-02
-6.584036417483e-02
1.890429840049e-03
-2.289787911858e-01
6.346887663046e-03
-5.109939309060e-05
-2.684313208402e-04
7.205338532016e-02
1.769741554833e-03
2.307706677251e-01
-4.054383165693e+00
2.313623641099e+00
1.330870065628e+00
-3.864546203226e-02
2.079455041078e-02
-1.034742998163e-01
5.383669666635e-02
-3.407990516036e-05
-1.742774992545e-02
3.130809984732e-02
2.074530615163e-02
1.032124568194e-01
-1.425621517400e+00
-6.772394621833e+00
1.379750961578e+00
-1.060146576345e-01
-1.454563713180e-02
-1.352680538977e-01
-1.953231602346e-02
-1.544073974043e-04
1.856744148964e-02
2.666427158594e-01
-6.093882565881e-03
3.196651611195e-01
-3.623593704122e-01
-5.569726858640e+00
1.351505482373e-01
-7.813864397691e-02
-1.963036325777e-03
-1.154008268373e-01
-4.927970486042e-03
3.501257233753e-04
1.908481089237e-03
2.201143166683e-01
-8.395613202307e-04
2.625129612707e-01
-3.462232447024e+00
-2.404807367715e+00
2.966290801139e+00
-4.830187580901e-02
-2.874809788226e-02
-4.286860000764e-02
-4.638717933025e-02
1.015495710847e-04
3.942083355123e-02
9.570024733234e-02
-1.189944256045e-02
1.147256210935e-01
-3.001384781850e+00
-1.721790427677e-02
2.845408953534e+00
-2.128481381907e-01
-4.560819045082e-04
-2.709390025719e-01
-5.499784241738e-04
5.943957164924e-05
4.618241242787e-04
5.341946867719e-01
-3.761669440471e-04
6.409402849477e-01
-7.541879347606e-01
3.674740599514e-02
2.856102056820e-01
-1.563015200360e-01
-1.778326371348e-05
-2.295485379738e-01
-7.130703460104e-05
-1.629168767716e-04
2.674230372452e-06
4.383098673879e-01
-3.941920386560e-05
5.231744794459e-01
-6.919742071492e+00
5.162377966770e-03
5.952924135964e+00
-9.611946696080e-02
2.155199952045e-05
-8.557637591866e-02
1.299877516065e-04
-4.750887198538e-05
-1.330405504424e-04
1.909770237142e-01
4.939411363277e-05
2.288293480365e-01
-3.081770193462e+00
-8.060826929364e-03
2.906659778652e+00
-2.136301212522e-01
-1.300604228375e-04
-2.711922462817e-01
-2.964487199531e-04
4.378916881372e-05
1.918357317228e-04
5.349854704384e-01
-2.661563257529e-04
6.424565494938e-01
-7.557300143072e-01
1.154166961547e-02
2.886160640415e-01
-1.562271953332e-01
3.330949381096e-05
-2.285571785174e-01
4.243859849962e-05
-1.514425541215e-04
2.384050159309e-05
4.367883972682e-01
-1.243124610725e-04
5.216828593356e-01
-6.934299070550e+00
1.930000648438e-03
5.972202855943e+00
-9.571649173504e-02
1.463455908799e-05
-8.552534724864e-02
7.935836714571e-05
-2.671831568273e-05
-3.538021274945e-05
1.906484488550e-01
-3.270145216111e-05
2.283396719992e-01
-1.544652498212e+00
6.798621107938e+00
1.455056382312e+00
-1.069320231448e-01
1.506247074786e-02
-1.356111136687e-01
2.070154445337e-02
3.579387398539e-05
-1.946861670210e-02
2.676012811446e-01
6.103722680830e-03
3.214403844924e-01
-3.784972466194e-01
5.540110410889e+00
1.402057460828e-01
-7.809341786102e-02
2.004983533596e-03
-1.142305652011e-01
4.973800667177e-03
3.614253874736e-05
-1.954037059668e-03
2.183117913696e-01
7.664180016580e-04
2.607489826873e-01
-3.474222634061e+00
2.419059489805e+00
2.984047905349e+00
-4.774528088093e-02
2.861123215590e-02
-4.275743120671e-02
4.609994947985e-02
-5.068217383591e-06
-3.918508425179e-02
9.527832816327e-02
1.186219983185e-02
1.141195442425e-01
-2.766141481529e+00
-7.944524625161e+00
5.406281707551e+00
-9.141022738376e-04
-3.792112325045e-02
3.644974995529e-03
-3.578349560358e-02
3.065397130361e-04
7.056922381889e-02
4.679906154600e-01
-2.585699311364e-04
2.484748467022e-01
-4.165593014931e-01
-3.994437636874e+00
5.442945667165e-01
-6.848229369737e-03
-3.601942516504e-03
1.652644242834e-02
-5.248962681010e-03
-1.015408591175e-03
6.950608097236e-03
2.354443954320e-01
-4.755915724248e-05
1.259814264205e-01
-1.557768533492e+00
-2.055659030868e+00
3.118310014599e+00
8.620589766620e-04
-2.510079660374e-02
-4.667162838342e-03
-2.091648412116e-02
-3.227209249600e-04
4.138462339941e-02
1.211098327944e-01
-5.591616763584e-05
5.963811428977e-02
-5.215513360272e+00
9.986494290097e-03
1.030477091176e+01
-3.865088870152e-04
1.795787336122e-03
4.824794956609e-03
1.221987980832e-03
-2.752539630028e-04
-2.108093396855e-03
9.312021223647e-01
-5.756857438188e-04
4.944488318252e-01
-7.828109673860e-01
-1.184357468440e-01
1.022928805179e+00
-1.256532559927e-02
-4.625430677776e-05
3.122631395798e-02
-1.049354618240e-04
4.179002766869e-04
-2.176629842244e-05
4.781546581595e-01
-5.897171532560e-05
2.562752316864e-01
-3.142662898352e+00
-1.794188776730e-02
6.295802666599e+00
7.370247030800e-04
-3.959906552610e-04
-8.729281313323e-03
-3.703492853655e-04
1.578967000581e-04
5.357943387045e-04
2.444870704801e-01
7.844302968460e-05
1.205233333929e-01
-5.051373922831e+00
-2.691236745382e-02
1.004131949392e+01
9.067916223896e-04
5.654310075123e-04
2.728327183253e-03
5.376461293946e-04
-2.299241500190e-04
-7.345406271327e-04
9.288397207913e-01
-4.925319596655e-04
4.929005962863e-01
-7.929700047511e-01
-4.715970299393e-02
1.033566659332e+00
-1.171978101755e-02
-1.288067432451e-04
2.989701933764e-02
1.416328549484e-05
4.010208497681e-04
1.303496294373e-04
4.847374349821e-01
-1.981242369085e-04
2.602472643211e-01
-3.162965927593e+00
4.217554879799e-03
6.304021281297e+00
-8.305847791494e-05
-8.308590951181e-05
-8.080842476096e-03
-4.109470213459e-05
1.131611641143e-04
1.705573978397e-04
2.461719926168e-01
-5.929375942400e-05
1.214554017726e-01
-2.488449316094e+00
7.879980024343e+00
5.021157529847e+00
8.831970242335e-04
3.646926461177e-02
9.890997789904e-04
3.332864701643e-02
3.076813487540e-04
-6.662753658642e-02
4.650881592226e-01
-2.115939690853e-04
2.465578989367e-01
-4.014804572535e-01
4.090969494220e+00
5.342853398449e-01
-5.739243679728e-03
3.604045208116e-03
1.489219273244e-02
5.367709925353e-03
6.099010854288e-05
-7.083604819790e-03
2.431590558510e-01
-5.796923560957e-05
1.306272554335e-01
-1.591568688132e+00
2.055710558174e+00
3.139745139517e+00
-4.961702969194e-04
2.541036474632e-02
-4.133024385364e-03
2.148137265760e-02
-2.948012352166e-05
-4.235956877134e-02
1.231715070717e-01
4.196337292365e-05
6.076852988765e-02
1.049657537624e+00
-4.003863739139e+00
-6.982124783290e+00
9.297927454276e-02
3.250166355141e-02
6.725113290436e-02
1.500558849814e-02
-3.015856987735e-05
-9.199674583609e-02
2.615826283453e-01
-1.276800129270e-02
1.480410599685e-03
2.146477855347e-01
-1.316369018816e+01
-1.587790357435e+00
3.675131182357e-01
8.409587456595e-03
-1.237559993686e-01
1.682008666721e-03
3.824193099709e-03
-1.790366663411e-02
7.582099762359e-01
-2.227263426511e-03
1.931537934826e-01
-1.310462073269e+00
-3.882824084202e+00
9.409907991883e+00
9.044095988330e-02
-5.203671089736e-02
8.146690104259e-02
-1.750822983445e-02
1.131620051091e-03
1.275532069347e-01
2.626888873257e-01
2.206159498078e-02
-2.351387190620e-03
1.955036154205e+00
2.789060467118e-02
-1.309267720855e+01
1.852632096410e-01
-1.499054987655e-03
1.318597649505e-01
-4.500659727628e-04
2.395907974396e-04
2.416190070650e-03
5.184056083523e-01
1.644695197887e-03
1.937142376780e-03
3.010178358619e-01
3.111302070277e-01
-2.921578703051e+00
7.211436577184e-01
4.305900660227e-04
-2.428688101256e-01
2.313238833156e-04
-3.109935338599e-03
-5.908503956455e-04
1.490202968553e+00
1.714902346006e-03
3.746205652248e-01
-2.584354593738e+00
-1.411042371253e-02
1.840368761269e+01
1.812084242901e-01
1.765444919479e-03
1.602058613870e-01
4.811432170974e-04
-8.355370667286e-04
-1.830041925031e-03
5.185211232244e-01
-3.892323609465e-04
-5.228136702207e-03
1.922386081263e+00
7.116133423308e-02
-1.295779772641e+01
1.832246033333e-01
8.472750065175e-04
1.335590661490e-01
1.006095357558e-04
1.425188020673e-04
-1.123510812613e-03
5.132281669666e-01
6.664230894628e-04
-1.066743243041e-04
3.188112384357e-01
-1.830661470671e-01
-3.027833292231e+00
7.184705502758e-01
1.439762221894e-03
-2.446122729204e-01
3.601485214954e-05
-2.380021868490e-03
-5.087975420847e-04
1.485673103227e+00
9.527149285264e-04
3.714913839665e-01
-2.549758400222e+00
-9.477372560165e-02
1.834288571408e+01
1.822839934353e-01
1.574398263339e-05
1.600464192331e-01
-1.654707322780e-04
-7.000236505767e-04
1.405743845780e-03
5.176354527652e-01
8.114657094647e-04
-5.870944052902e-03
9.873622368265e-01
3.899960613705e+00
-6.724448468190e+00
9.086792933647e-02
-3.144611756780e-02
6.855101764291e-02
-1.449454370735e-02
-5.743055660210e-04
9.006989535557e-02
2.554536407471e-01
1.347847352226e-02
-7.740631522192e-04
2.096709280634e-01
1.308349848179e+01
-1.660396201177e+00
3.633926252609e-01
-8.295078190599e-03
-1.251007687016e-01
-1.986697590860e-03
2.469059034786e-03
1.932267184671e-02
7.513931903199e-01
4.062325160094e-03
1.887685391483e-01
-1.242110928987e+00
3.822504034010e+00
9.280116473397e+00
9.266445035085e-02
5.279945432139e-02
8.155943810230e-02
1.705539254843e-02
8.455160957602e-04
-1.269074169433e-01
2.613044533861e-01
-2.190202884406e-02
-3.090534418522e-03
3.271990548193e+00
-1.038670815088e+01
1.141789413721e+01
4.707311586770e-01
-5.126441809547e-02
-1.374877559298e-01
4.285126465608e-02
1.054107317362e-03
1.476626233615e-01
4.691332865754e-01
4.992354548363e-02
-1.395975165682e-01
2.860778167196e-01
-2.241796604166e+00
1.217852894005e+00
1.168368548609e-01
-4.778267849028e-03
8.842648708167e-04
3.747335469726e-03
-1.219434208842e-03
1.645425381588e-02
9.439212827241e-02
4.565684490637e-03
-6.931391671125e-02
7.272988561406e-01
-1.601730293558e+00
2.042430290242e+00
6.271863166943e-02
-1.316971277325e-02
-3.700052893099e-02
9.795172479305e-03
-3.525126089001e-04
2.790959252350e-02
7.275313402661e-02
1.246240863753e-02
-1.111482782541e-02
6.321246831862e+00
7.502237241391e-02
2.168583312909e+01
9.304660390306e-01
1.284518506601e-03
-2.775798274631e-01
-8.245515610450e-04
-6.858752509192e-04
-3.717679077414e-03
9.291679595190e-01
-2.817796047738e-03
-2.719444059465e-01
5.494522072554e-01
-9.026585245642e-02
2.341610484014e+00
2.384662561601e-01
-2.851824308120e-04
-1.096078596891e-03
-2.698778678552e-05
9.877210669837e-04
-4.483968457426e-05
1.941011942556e-01
4.785964855035e-05
-1.390559233444e-01
1.494654624105e+00
-3.749184180415e-02
4.341590890109e+00
1.258621935965e-01
-1.579192957526e-03
-7.458433270142e-02
1.295868667794e-04
2.525954156240e-04
4.172298534173e-04
1.470204653501e-01
2.138621314442e-04
-2.326425157162e-02
6.311068446254e+00
-1.958737955831e-02
2.159720257085e+01
9.282400794584e-01
-1.351610857438e-03
-2.774433029139e-01
7.025307714890e-04
-7.314588092349e-04
2.717159267015e-03
9.269193117890e-01
1.562220480561e-03
-2.711747425603e-01
5.467921394100e-01
7.711344241596e-02
2.335131713868e+00
2.387611359238e-01
2.172530492576e-04
-1.293555375511e-03
4.735376757538e-06
9.470243623188e-04
-1.398948517337e-05
1.944828867403e-01
-1.234258929593e-04
-1.389480038304e-01
1.533723912676e+00
2.222750351572e-02
4.499250878218e+00
1.254514781551e-01
-4.046909411412e-04
-7.477501090307e-02
-1.165160528067e-04
2.506571160743e-04
-3.472025765871e-04
1.471283358571e-01
-1.702020248308e-04
-2.335045610834e-02
3.265098953307e+00
1.034100017422e+01
1.127255328537e+01
4.681070911759e-01
5.060482117209e-02
-1.375331892098e-01
-4.266342111421e-02
6.884428810694e-04
-1.462077838342e-01
4.665159119575e-01
-4.993109191612e-02
-1.384587698477e-01
2.861088335397e-01
2.246710109791e+00
1.207755105882e+00
1.172532892754e-01
4.718198822986e-03
6.221285657724e-04
-3.716880698952e-03
-1.102866924257e-03
-1.637640700801e-02
9.488344312062e-02
-4.541678259090e-03
-6.920124383640e-02
7.637648400698e-01
1.672238426241e+00
2.218015654368e+00
6.182489429779e-02
1.231578850336e-02
-3.741180242135e-02
-9.815603749382e-03
-3.260555395846e-04
-2.800645161068e-02
7.287202399377e-02
-1.248460960401e-02
-1.121956294982e-02
7.472606905970e-01
-6.473480945842e+00
6.091621773038e-01
3.048372295593e-01
-3.673938499793e-03
-2.555054229227e-01
1.023382538545e-02
-9.135759108699e-05
8.765515941232e-03
1.298284834705e-01
9.084005649078e-03
-1.011888228543e-01
8.831692409553e-02
-6.063510641741e+00
3.109707866083e-01
2.833185906739e-01
-5.922146661969e-04
-2.404485031843e-01
1.307295879108e-03
4.036239152949e-04
4.283878063146e-03
1.304343335295e-01
1.659758881114e-03
-7.737649137535e-02
3.148029314084e+00
-2.490480568822e+00
3.702243948504e+00
1.210017142645e-01
-1.245171584081e-02
-9.820882348138e-02
4.197136908898e-02
1.109780529796e-04
4.974232671920e-02
4.282137691448e-02
3.023381553636e-02
-5.309868056739e-02
1.572045464698e+00
-2.866077645988e-03
1.359556368252e+00
6.104828906074e-01
-1.810615038271e-04
-5.114153099080e-01
2.154798933423e-04
9.632948448678e-05
2.120368650582e-04
2.598661233281e-01
2.407519339796e-04
-2.027392610579e-01
1.918937848934e-01
2.750426494888e-02
6.539833200720e-01
5.647829279738e-01
2.556592916930e-05
-4.790358240130e-01
-1.214161666841e-05
-3.423181291673e-04
-5.636889057373e-06
2.596207565700e-01
1.111527350458e-05
-1.548420302573e-01
6.306967859871e+00
1.331464401442e-02
7.388744199849e+00
2.415373681798e-01
3.430280820729e-04
-1.960669745395e-01
-8.448408684866e-05
-8.658030756911e-05
-1.094397624740e-04
8.559048323196e-02
-8.550390234813e-05
-1.058316090155e-01
1.559066978644e+00
1.239166663943e-02
1.345395430712e+00
6.100980583115e-01
-2.889304177391e-05
-5.110864443937e-01
-3.497438742385e-04
1.003547409759e-04
-3.612811449429e-04
2.598231600587e-01
-4.887868104267e-04
-2.024733403218e-01
1.908064268185e-01
-3.113480016529e-02
6.522235526895e-01
5.649225221748e-01
-1.625158052737e-04
-4.790982487638e-01
-4.995623090084e-06
-3.536775176144e-04
-9.529906113087e-06
2.597096917530e-01
-8.856788733050e-05
-1.548435215207e-01
6.329978224261e+00
6.359479860500e-03
7.412681174450e+00
2.416450026590e-01
2.821550062621e-04
-1.960990964317e-01
1.033274945757e-04
-9.065041124042e-05
1.366960898250e-04
8.562341180480e-02
9.391584880730e-05
-1.058491603123e-01
7.262185822455e-01
6.466469141608e+00
5.932109913498e-01
3.043811769458e-01
3.499395380827e-03
-2.551105106332e-01
-1.004734309450e-02
-1.588706674722e-04
-8.557844977370e-03
1.297646940830e-01
-9.052277452570e-03
-1.009060521421e-01
8.270871700820e-02
6.065754800986e+00
3.089442107894e-01
2.834919260657e-01
5.090006392943e-04
-2.405445996029e-01
-1.283943580422e-03
4.359772892708e-04
-4.259180285298e-03
1.305628842824e-01
-1.681584266771e-03
-7.737852775355e-02
3.183669082286e+00
2.513813185974e+00
3.729473453135e+00
1.212553582041e-01
1.277906390019e-02
-9.819897885230e-02
-4.199653271853e-02
1.293340416991e-04
-4.978246970440e-02
4.287115449752e-02
-3.024952745784e-02
-5.312701382601e-02
2.917800370278e+00
-7.075175513725e+00
1.396874877861e+00
2.201770918880e-01
-3.881515258378e-05
-4.164188478275e-01
3.871991373053e-02
2.825838851968e-05
1.864510898946e-02
2.350107611476e-03
2.256291530216e-02
2.055100682385e-03
3.498062749170e-01
-4.992151992189e+00
3.198323898581e-01
1.568030916381e-01
-2.728595757670e-05
-2.927587326350e-01
4.620481944088e-03
-8.863633754990e-05
4.237030401937e-03
7.618035579455e-04
2.559452325603e-03
3.081470549855e-03
3.736305700716e+00
-2.282051139330e+00
1.885531629981e+00
6.741291439720e-02
-3.493165389081e-05
-1.366411514858e-01
4.959134513864e-02
-2.976432723597e-05
2.522107439002e-02
-2.629024219791e-03
2.892115719094e-02
-3.364978725753e-03
5.785041823075e+00
1.280656971146e-03
2.779681454470e+00
4.402426752171e-01
-1.478380057557e-04
-8.324831188676e-01
-1.691648262685e-04
-1.962467385869e-05
-1.457107984127e-04
4.932128533216e-03
-1.366057825160e-04
4.190799861058e-03
6.919802844918e-01
-8.976240059801e-03
6.401771221703e-01
3.139765185629e-01
-6.295935543846e-05
-5.861414913404e-01
7.206063418424e-06
5.936684051476e-05
8.628410643642e-06
1.713943601304e-03
2.032138016539e-06
6.236409042314e-03
7.498237560964e+00
7.629310336894e-04
3.775507074984e+00
1.349057005520e-01
-9.266651901056e-05
-2.734492163937e-01
4.071840814643e-05
1.865151860990e-05
2.397325215604e-05
-5.309593144765e-03
3.485060469502e-05
-6.765540391500e-03
5.772484387319e+00
-1.261489576291e-03
2.772425815602e+00
4.402224730273e-01
-1.608148196711e-04
-8.323504919179e-01
3.765976263081e-05
-2.071547806836e-05
6.821163989352e-05
5.046410041570e-03
2.815411550302e-05
4.253211578305e-03
6.928039407010e-01
1.741252416499e-03
6.403174084500e-01
3.142040709948e-01
-8.665906758430e-05
-5.864108574888e-01
-1.408975651491e-06
5.657521586631e-05
-1.756176847468e-06
1.774475422030e-03
4.525878438733e-06
6.272442521478e-03
7.507417355039e+00
5.403320229133e-03
3.781307001879e+00
1.349540052734e-01
-1.149019660715e-04
-2.735185095783e-01
-1.142330886472e-05
1.697242796009e-05
-2.065461792395e-06
-5.343650593128e-03
-9.508986034000e-06
-6.783587294198e-03
2.897357515797e+00
7.072798493231e+00
1.389388277606e+00
2.201494403542e-01
-1.362553886878e-04
-4.162680258694e-01
-3.853788360357e-02
2.679718032960e-05
-1.853778455519e-02
2.490787202303e-03
-2.249467393251e-02
2.118519476448e-03
3.479133629903e-01
4.996648276253e+00
3.214822184174e-01
1.570702091729e-01
-6.175752600986e-05
-2.930813597596e-01
-4.628893921815e-03
-3.905844624698e-05
-4.243612924085e-03
8.441761269099e-04
-2.561983990792e-03
3.124525661336e-03
3.748366894154e+00
2.289176152915e+00
1.895300321283e+00
6.744856460225e-02
-4.720525825656e-05
-1.367350430454e-01
-4.963117435372e-02
-1.653107355926e-05
-2.525325278992e-02
-2.660538291414e-03
-2.893680512475e-02
-3.392447186768e-03
2.608234399509e+00
-6.883585170403e+00
9.869805044243e-02
4.069875716323e-02
7.326319806691e-03
-4.210740571300e-01
3.484901687260e-02
-2.994599400344e-05
1.439978298837e-03
-1.316144362577e-02
1.759731183761e-02
1.753999139372e-01
3.850871430053e-01
-5.263904863610e+00
1.579750281539e-01
3.536787520022e-02
8.772020513060e-04
-3.199327398971e-01
5.147885041440e-03
4.118413442356e-05
2.092278516714e-03
-6.727848268180e-03
2.076049597361e-03
1.362076343647e-01
4.365679439911e+00
-2.347427717381e+00
3.346740242140e-01
7.367270648781e-03
1.147359488317e-02
-1.457109250696e-01
5.795144760988e-02
1.077998428312e-05
4.638173632818e-03
-9.554389487955e-03
2.767465975932e-02
5.786412610320e-02
5.231546193432e+00
-3.381488522059e-03
2.135288481100e-01
8.150469791579e-02
-2.944739023135e-05
-8.424483306080e-01
-4.627519244341e-06
1.373862023264e-05
-4.282047048053e-05
-2.633402471125e-02
4.170682113804e-05
3.508862699909e-01
7.759616284992e-01
9.596631436824e-04
3.202208978080e-01
7.067740741472e-02
-1.289677539646e-06
-6.397119360557e-01
1.332950098687e-05
-4.241620288986e-05
6.993679292505e-06
-1.351628859233e-02
7.390807002787e-06
2.722864804709e-01
8.732790581572e+00
1.380308425258e-04
6.584077458085e-01
1.474897942160e-02
2.573175029909e-05
-2.913417560260e-01
-7.248690175672e-06
-8.608881614228e-06
-1.736701531814e-08
-1.909815519831e-02
-5.965388788307e-06
1.157047051729e-01
5.226688610921e+00
-1.185287532663e-03
2.129154654930e-01
8.156571404523e-02
-1.109440817370e-04
-8.425845379238e-01
-4.639704024339e-05
1.245468783569e-05
3.586142895157e-05
-2.627738963825e-02
-2.047556844542e-05
3.509497692628e-01
7.780519366615e-01
-5.503062803491e-03
3.202326059675e-01
7.074163382585e-02
-5.968822135205e-05
-6.399097356130e-01
9.219456659411e-06
-4.311184566902e-05
-3.472946413315e-06
-1.350436224047e-02
3.652772925669e-05
2.723731594545e-01
8.725039479362e+00
1.710745204974e-03
6.579771102254e-01
1.476741779973e-02
-1.211158016774e-05
-2.913564112071e-01
2.160707136007e-05
-7.684732177076e-06
4.070233001901e-06
-1.913328852521e-02
2.117948383437e-05
1.157107540124e-01
2.599693605754e+00
6.885054592962e+00
9.990796818158e-02
4.077125657033e-02
-7.396755171323e-03
-4.212379651261e-01
-3.477844202570e-02
-1.778858295170e-08
-1.430428625586e-03
-1.308752916999e-02
-1.754585564921e-02
1.754704474793e-01
3.869590121700e-01
5.266762482147e+00
1.596086123915e-01
3.544510782017e-02
-9.243217359192e-04
-3.201667253666e-01
-5.179452808906e-03
7.152781429110e-05
-2.095601973399e-03
-6.707576164618e-03
-2.067048852697e-03
1.363075099757e-01
4.358135214233e+00
2.343929681787e+00
3.342708574586e-01
7.398364136893e-03
-1.145588539410e-02
-1.457244984071e-01
-5.797108342184e-02
1.304861745812e-05
-4.644860475436e-03
-9.594664131619e-03
-2.767877411009e-02
5.786470281323e-02
2.595119245734e+00
-6.924070322969e+00
-9.470461037812e-01
-9.373671932359e-02
1.411885943594e-02
-3.116879088095e-01
3.466287687423e-02
-1.101696930847e-05
-1.254951476934e-02
9.851480359581e-02
1.405320674968e-02
3.111175774303e-01
4.255259624498e-01
-5.192579094680e+00
-4.842185275107e-03
-6.550962807153e-02
1.635788892553e-03
-2.331049172108e-01
5.657869028759e-03
1.682783911058e-05
-9.245999584882e-05
7.494419955582e-02
1.613630946235e-03
2.340641078845e-01
4.117626611974e+00
-2.334409265923e+00
-1.347975870976e+00
-3.958096174250e-02
2.103943647914e-02
-1.045027385887e-01
5.471896643323e-02
-5.545564900841e-07
-1.772177020403e-02
3.122331543336e-02
2.101088976696e-02
1.045932740101e-01
5.198689375918e+00
-1.977739023857e-03
-1.884836168024e+00
-1.874588018309e-01
8.792207402638e-06
-6.235250896076e-01
-3.082505374480e-05
2.499088155329e-06
-2.772515376347e-05
1.970329083804e-01
6.528011367686e-06
6.223250866537e-01
8.534765668944e-01
-1.743157444063e-04
-8.888683467790e-03
-1.310518996673e-01
1.352976227961e-05
-4.661970869690e-01
1.763854199613e-05
-1.506562075926e-05
1.155808959570e-05
1.498572282413e-01
-1.289728111766e-05
4.680720575964e-01
8.235600580958e+00
-2.007353982975e-03
-2.709034032229e+00
-7.914627465059e-02
5.563064671906e-05
-2.089537261270e-01
6.511153939957e-06
-1.747955397328e-08
3.469489446064e-06
6.244922254373e-02
-4.469079727590e-06
2.091887167427e-01
5.198604196007e+00
-1.228878523539e-03
-1.884881780820e+00
-1.874752371997e-01
-2.984962289624e-05
-6.236167900021e-01
2.994206648485e-05
1.458235273293e-06
2.718519048844e-05
1.970676268858e-01
1.638596815754e-05
6.224106168921e-01
8.543448796223e-01
-1.704795350386e-03
-9.227066253793e-03
-1.310576949093e-01
-2.094473656438e-05
-4.662630548944e-01
-7.744852001296e-06
-1.458186475755e-05
-1.438200031870e-05
1.498791686558e-01
3.161139458808e-05
4.681339561932e-01
8.227761917348e+00
1.060918244608e-03
-2.706324088430e+00
-7.914392028543e-02
-1.979138986915e-05
-2.089544710364e-01
-9.262907828214e-07
1.081177337258e-06
-4.432372627866e-06
6.244031789450e-02
1.059419696035e-05
2.091987086167e-01
2.594303986807e+00
6.925480700840e+00
-9.462023339133e-01
-9.375268929797e-02
-1.413580074090e-02
-3.117990915778e-01
-3.466189858484e-02
1.076333135737e-05
1.255027035907e-02
9.855995445132e-02
-1.403810021420e-02
3.112168379074e-01
4.267118970551e-01
5.193760335981e+00
-4.754596144702e-03
-6.551493395301e-02
-1.648638678981e-03
-2.331822307800e-01
-5.671878689831e-03
2.877775572832e-05
9.697672958170e-05
7.497056040503e-02
-1.607280660184e-03
2.341348036285e-01
4.108830995377e+00
2.329821639106e+00
-1.345249691332e+00
-3.957075100094e-02
-2.101575501486e-02
-1.045001970774e-01
-5.472664460523e-02
-2.806005235217e-07
1.772275407200e-02
3.121083461146e-02
-2.101187177064e-02
1.046021087899e-01
2.008233771175e+00
-6.915388037678e+00
-1.845779544463e+00
-1.095763433376e-01
1.824736297851e-02
-1.372441109548e-01
2.686312953673e-02
-3.225779422287e-06
-2.458201905401e-02
2.725518208231e-01
7.504174196447e-03
3.267735756258e-01
3.905220839864e-01
-5.206287855267e+00
-1.658204918857e-01
-7.757154273215e-02
2.115771906647e-03
-1.044477770804e-01
5.162763365399e-03
2.753470926026e-05
-2.244290305214e-03
2.045863814730e-01
8.645798121124e-04
2.467162701874e-01
3.293069206957e+00
-2.336675848265e+00
-2.825105654513e+00
-4.459887643621e-02
2.752835025369e-02
-4.280110612966e-02
4.386156065344e-02
-1.996684781987e-06
-3.738829953710e-02
9.300530254337e-02
1.140044123565e-02
1.096741080818e-01
4.030532621616e+00
-1.296330494704e-03
-3.690141816847e+00
-2.191997168197e-01
3.072646859929e-05
-2.745622743236e-01
-1.289102038567e-05
1.409083349811e-06
-1.814321427424e-05
5.451299102409e-01
-1.640035934967e-05
6.536670060049e-01
7.819068285412e-01
7.211031057192e-04
-3.324659325962e-01
-1.551829073180e-01
1.145802534597e-05
-2.088512590374e-01
4.214480144212e-05
-1.893743328270e-05
1.864737144301e-05
4.090810551343e-01
-4.063073331071e-05
4.933429629272e-01
6.583982867499e+00
-2.186550213145e-03
-5.664444305106e+00
-8.918990944832e-02
5.576365464685e-05
-8.554302076509e-02
2.329553429814e-05
9.892677207978e-07
7.798217142648e-06
1.860164867679e-01
-1.834985199581e-05
2.193524576120e-01
4.031752114090e+00
-1.730639863945e-04
-3.691133576954e+00
-2.192259690838e-01
-1.264720013991e-05
-2.745763302862e-01
2.577788395853e-05
1.562644706006e-06
7.805832616835e-06
5.451715330987e-01
4.970073503051e-06
6.537183921453e-01
7.820753014989e-01
-9.349828921451e-04
-3.325917788753e-01
-1.551885809461e-01
-7.086888516420e-06
-2.088521716415e-01
-4.050199509282e-05
-1.845408007447e-05
-2.017801455819e-05
4.090902953647e-01
3.432292664529e-05
4.933491743480e-01
6.580278544835e+00
7.727837927239e-04
-5.661299615851e+00
-8.918485158106e-02
-2.750232062002e-05
-8.554084537105e-02
-2.295209495541e-05
1.131460522896e-06
-8.476799568883e-06
1.860194978837e-01
1.690350101221e-05
2.193532404232e-01
2.009513299342e+00
6.916227411159e+00
-1.846992289142e+00
-1.096043608164e-01
-1.825171949850e-02
-1.372618113365e-01
-2.688097295026e-02
6.555038250336e-06
2.459630463913e-02
2.726008526958e-01
-7.514546682983e-03
3.268329998852e-01
3.906933465270e-01
5.206417593965e+00
-1.660592888887e-01
-7.757783832672e-02
-2.115542917384e-03
-1.044482552057e-01
-5.165118176037e-03
2.864102573509e-05
2.246389959104e-03
2.045962113807e-01
-8.681824301816e-04
2.467229955594e-01
3.288747437148e+00
2.333804223858e+00
-2.821560904900e+00
-4.459013640069e-02
-2.751251866887e-02
-4.279725426496e-02
-4.386194792518e-02
-1.728553825536e-06
3.738927320603e-02
9.300852492442e-02
-1.140045466676e-02
1.096749187065e-01
1.160669630533e+00
-6.927440337768e+00
-2.492581376233e+00
2.258647524657e-03
1.986114058905e-02
-2.913702793695e-03
1.554542998059e-02
2.819180999587e-06
-3.324016034635e-02
4.076686555586e-01
-3.976110557474e-05
2.154779508064e-01
3.017177124443e-01
-5.195008953331e+00
-3.086760991581e-01
5.186137573245e-03
2.323169937658e-03
-4.251153187878e-03
3.933136869748e-03
2.487454665184e-05
-4.131577838279e-03
3.039684562917e-01
6.459391578285e-06
1.634574424575e-01
1.954722437180e+00
-2.332416044302e+00
-3.860310168745e+00
-4.303534742068e-03
2.974415730261e-02
4.332890017723e-03
2.612464125748e-02
-5.795366702947e-06
-5.121598184941e-02
1.399429733920e-01
2.607123660479e-05
6.926721491158e-02
2.333362201104e+00
-1.345556168355e-03
-4.987987103138e+00
4.476138021660e-03
1.695491406914e-05
-5.837633066196e-03
7.174108532153e-06
1.871234868575e-07
-3.992387499802e-06
8.154115812213e-01
-4.432224184597e-05
4.310768704155e-01
6.027608013799e-01
-9.923809589139e-05
-6.181045726516e-01
1.031561848423e-02
-6.488342050768e-06
-8.475412826231e-03
1.063221409845e-04
-1.305763943221e-05
4.886762179272e-06
6.078716713814e-01
-7.644320478529e-05
3.268978605716e-01
3.904007756941e+00
-9.465827688331e-04
-7.735695513315e+00
-8.621031487172e-03
3.428696209946e-05
8.730335757125e-03
7.337738265423e-05
3.868170080070e-06
-4.361802347250e-06
2.799038035113e-01
-4.409784235434e-05
1.385634322867e-01
2.333983579516e+00
6.084612518041e-04
-4.989099871684e+00
4.473130015439e-03
-7.259441622573e-06
-5.831688105947e-03
-5.254235758936e-07
7.044624022607e-07
-7.588742497041e-06
8.154500992583e-01
1.452364530946e-05
4.310928362436e-01
6.029054565192e-01
3.465814730449e-04
-6.182730087022e-01
1.031354305045e-02
7.911023278222e-06
-8.471671543735e-03
-1.054207216696e-04
-1.299338758319e-05
-6.896836677277e-06
6.078645652376e-01
6.113392399684e-05
3.268863623170e-01
3.903117786000e+00
-1.842454330803e-06
-7.733977395264e+00
-8.617940356190e-03
-2.273989614264e-05
8.729765662407e-03
-7.476052939768e-05
3.720120908475e-06
5.846284424601e-06
2.799002247713e-01
3.981718548388e-05
1.385574912946e-01
1.161067894125e+00
6.927973219404e+00
-2.494206764318e+00
2.256726612735e-03
-1.986740555108e-02
-2.906812294233e-03
-1.555455668135e-02
7.414874206920e-06
3.325606811145e-02
4.077121419437e-01
2.265280808251e-05
2.154964021991e-01
3.016413331870e-01
5.194843642820e+00
-3.090799676996e-01
5.183978880700e-03
-2.324312885250e-03
-4.246027342600e-03
-3.934557390497e-03
2.321645863111e-05
4.134105667024e-03
3.039597925356e-01
-1.566752767071e-05
1.634441299826e-01
1.953604554309e+00
2.331148616133e+00
-3.858206900496e+00
-4.299210137348e-03
-2.973646623199e-02
4.332767618638e-03
-2.612253461213e-02
-6.365576961147e-06
5.121403109264e-02
1.399392161930e-01
-2.633044536440e-05
6.926020820275e-02
1.204822712196e-01
-6.940680583384e+00
-2.758967330265e+00
1.769442124159e-01
1.840302914397e-02
1.308365502895e-02
1.686820623074e-03
1.782172504890e-06
-3.682451917999e-02
4.245129456639e-01
-7.677808043386e-03
4.142630024494e-02
1.628434908373e-01
-5.189841592551e+00
-4.093581372630e-01
1.341832580332e-01
2.187693624468e-03
7.936736001503e-03
2.113185862757e-03
2.545358705465e-05
-5.452365321507e-03
3.157473212952e-01
-9.239019216875e-04
3.422712130652e-02
3.264714426670e-01
-2.327904851048e+00
-4.307246730003e+00
5.730660940986e-02
2.744279266434e-02
9.191921128810e-03
4.540639801528e-03
-9.064402137924e-07
-5.723359972240e-02
1.446102495642e-01
-1.133362985579e-02
7.539998994002e-03
2.515262543447e-01
-6.810806959051e-04
-5.524785080370e+00
3.538800427868e-01
1.325183410584e-06
2.619021113818e-02
-2.428863809835e-05
-4.047412409166e-08
8.970040613560e-06
8.491177106651e-01
-3.292013698807e-05
8.291956994848e-02
3.253170764371e-01
7.241372786401e-04
-8.203098299351e-01
2.682839165073e-01
-2.153626082215e-05
1.590593963498e-02
4.266188782447e-05
-1.664312374150e-05
-1.943834972306e-05
6.314076870137e-01
-4.282634742899e-05
6.842506319581e-02
6.424813900525e-01
-1.188916799266e-03
-8.625409907884e+00
1.145784076500e-01
2.226457582309e-05
1.843827600997e-02
2.215603479119e-05
7.505808448704e-07
-5.493181569652e-06
2.891993512776e-01
-2.162355579458e-05
1.508627492373e-02
2.515268625623e-01
1.836846875521e-04
-5.524663788949e+00
3.538898524154e-01
-1.481839094158e-05
2.618162235568e-02
2.449399077589e-05
3.324478678216e-07
-7.610832262879e-06
8.491385845079e-01
2.413763670737e-06
8.292134812289e-02
3.254274202669e-01
-8.527141325687e-04
-8.207343498061e-01
2.682863996134e-01
1.756611227398e-05
1.590220856247e-02
-4.230913745386e-05
-1.701986309478e-05
1.492253571841e-05
6.314130394627e-01
2.523641988578e-05
6.841991320441e-02
6.424514926339e-01
7.320597008741e-04
-8.624474310141e+00
1.145758803320e-01
-1.804566081767e-05
1.843881515943e-02
-2.281823465868e-05
6.757771642500e-07
6.885953567962e-06
2.891921427268e-01
1.750047815152e-05
1.508097141619e-02
1.198929391082e-01
6.940969067164e+00
-2.758844629205e+00
1.769568415942e-01
-1.841039470065e-02
1.307425077466e-02
-1.687064749632e-03
4.661853266652e-06
3.682254830136e-02
4.245356679685e-01
7.659392944194e-03
4.142864285661e-02
1.625808683467e-01
5.189901496393e+00
-4.099515393496e-01
1.341872290952e-01
-2.193899400732e-03
7.932443445895e-03
-2.114004258684e-03
2.642827333941e-05
5.458422012040e-03
3.157538559470e-01
9.145233382903e-04
3.422144261726e-02
3.263931167272e-01
2.327198077222e+00
-4.306071139687e+00
5.730380929919e-02
-2.743789898924e-02
9.192664097534e-03
-4.539454942038e-03
-1.836198822554e-06
5.723169925029e-02
1.446015111841e-01
1.133279152423e-02
7.533196998518e-03
-9.489178855732e-01
-6.955849407872e+00
-2.611173447053e+00
3.124638578373e-01
1.413202754667e-02
-9.916722470075e-02
-1.258057733626e-02
-1.220962252488e-06
-3.489128601947e-02
3.132148840885e-01
-1.421897337735e-02
-9.342171374930e-02
-7.743625544151e-03
-5.183600011195e+00
-4.491537101679e-01
2.337622915031e-01
1.693246553381e-03
-7.460156013067e-02
-1.408408203796e-04
2.713926314496e-05
-5.977230742936e-03
2.327200739951e-01
-1.740855324834e-03
-6.561614009803e-02
-1.346113420586e+00
-2.324115851605e+00
-4.097617217200e+00
1.041397450520e-01
2.097924164403e-02
-3.090943351816e-02
-1.767985793261e-02
3.486650516947e-06
-5.452884317991e-02
1.043493480110e-01
-2.092648159972e-02
-3.939486708452e-02
-1.889377258494e+00
-4.426372226379e-04
-5.232898612926e+00
6.249684480848e-01
-1.372295384421e-05
-1.983087202130e-01
-2.708512181058e-05
3.275009994625e-06
3.417122437311e-05
6.265362008154e-01
-2.699280690284e-05
-1.868114914325e-01
-1.585642604190e-02
9.499534855125e-04
-9.013933414970e-01
4.674127120985e-01
-3.064648310318e-05
-1.491458359444e-01
1.259234809529e-05
-1.952117192993e-05
-1.848606938545e-05
4.653664922756e-01
-2.878046774072e-05
-1.312517911143e-01
-2.705169682983e+00
-1.118140971840e-03
-8.199328873914e+00
2.082159080201e-01
1.928991491132e-05
-6.178104411983e-02
5.647926748408e-06
-2.205396042297e-06
1.756647045480e-06
2.086613426243e-01
-9.954465846777e-06
-7.877576272019e-02
-1.888822306230e+00
5.344230518976e-04
-5.231021320094e+00
6.249522880944e-01
-2.329523182643e-05
-1.983259791254e-01
3.321126200420e-05
3.499656901551e-06
-1.445513110549e-05
6.265298188294e-01
1.087600173374e-05
-1.867959954369e-01
-1.592565021452e-02
-1.569139391972e-03
-9.018624827308e-01
4.674285842592e-01
1.945224331067e-05
-1.491623541018e-01
-1.413164936429e-05
-2.014956843897e-05
1.375489592178e-05
4.653852987581e-01
1.286463798670e-05
-1.312563238437e-01
-2.704716598051e+00
1.013730889046e-03
-8.198142881436e+00
2.082140249666e-01
-1.451308140941e-05
-6.177814958216e-02
-6.312793181985e-06
-2.253205603282e-06
-2.152250256197e-06
2.086556954319e-01
6.383783256198e-06
-7.878196964705e-02
-9.488153337634e-01
6.955642824703e+00
-2.608566732297e+00
3.124463786670e-01
-1.414063502772e-02
-9.918587369156e-02
1.257215180593e-02
-2.388493206286e-06
3.486404364507e-02
3.132056160607e-01
1.419770668930e-02
-9.340384494888e-02
-8.220286383062e-03
5.183957241255e+00
-4.495830101793e-01
2.337823077848e-01
-1.702834019995e-03
-7.462169317208e-02
1.425928328776e-04
3.133398643967e-05
5.983732243003e-03
2.327423812554e-01
1.734479826144e-03
-6.562055090604e-02
-1.345570342972e+00
2.323308571986e+00
-4.096324923662e+00
1.041358860775e-01
-2.097412459019e-02
-3.090712507419e-02
1.768104917657e-02
2.931451737621e-06
5.452926709557e-02
1.043416277614e-01
2.092590780720e-02
-3.940232600469e-02
-1.880862889832e+00
-6.967326207293e+00
-2.054917529548e+00
3.292439883903e-01
7.634215739774e-03
-2.744432249631e-01
-2.503608151192e-02
1.591451709216e-06
-2.751004595232e-02
1.386847955409e-01
-1.859519550269e-02
-1.097023803165e-01
-1.820985948981e-01
-5.183272702840e+00
-4.162072709535e-01
2.458713831240e-01
9.037023380615e-04
-2.035590137263e-01
-2.453003639502e-03
3.154973360792e-05
-5.536229253542e-03
1.036748678937e-01
-2.289265404024e-03
-7.773493673362e-02
-2.811715787433e+00
-2.323287019107e+00
-3.269642821094e+00
1.089632465194e-01
1.136074615603e-02
-9.239189557499e-02
-3.718886238026e-02
5.569227232164e-06
-4.360356836862e-02
4.286067958886e-02
-2.734012702975e-02
-4.422012270063e-02
-3.757229117185e+00
4.414692690348e-04
-4.124288028305e+00
6.585495781715e-01
-1.864406023532e-05
-5.488545033703e-01
-1.180870204117e-05
5.641230895933e-06
5.253898061916e-05
2.774453966418e-01
-1.470076736734e-05
-2.194085059906e-01
-3.652494171200e-01
1.322069964721e-03
-8.359806559850e-01
4.916152694886e-01
-3.645215910445e-05
-4.070044219797e-01
2.287599564449e-06
-2.227740614407e-05
-7.837884610056e-06
2.073007002710e-01
-1.169249541742e-05
-1.554945457660e-01
-5.635899430633e+00
-6.479925251463e-04
-6.536332670170e+00
2.178626159747e-01
8.316967711008e-06
-1.847507350932e-01
3.965543322049e-06
-3.407935934559e-06
4.886511942535e-06
8.570428877442e-02
-2.194515509242e-06
-8.841676106168e-02
-3.755121426205e+00
1.596436883553e-03
-4.121647967593e+00
6.584617696332e-01
-1.763530790616e-05
-5.488041383926e-01
3.419785548197e-05
5.977725602801e-06
-2.494454813413e-05
2.774248107987e-01
2.816619908451e-05
-2.193691271529e-01
-3.651417157194e-01
-1.738322593393e-03
-8.358642609900e-01
4.916215317931e-01
2.495536880698e-05
-4.070224794507e-01
-1.349277990335e-06
-2.275296478236e-05
9.440017630740e-06
2.073109066978e-01
8.663263637805e-06
-1.554914150505e-01
-5.634979690463e+00
1.062484566144e-03
-6.535322513378e+00
2.178646388354e-01
-3.980231748606e-06
-1.847518268425e-01
-5.509186732664e-06
-3.877535608628e-06
-6.283638668022e-06
8.570148719890e-02
-3.894949687612e-08
-8.842142793658e-02
-1.878581601892e+00
6.965988317574e+00
-2.051601431094e+00
3.291427984228e-01
-7.639586733979e-03
-2.743821913286e-01
2.500527242350e-02
-1.256284487295e-05
2.747206108561e-02
1.386575591703e-01
1.857512066634e-02
-1.096591145370e-01
-1.820240389406e-01
5.183508875653e+00
-4.158454358624e-01
2.458798105649e-01
-9.082324858703e-04
-2.035805896385e-01
2.451475705037e-03
3.425990041854e-05
5.533883198557e-03
1.036870136351e-01
2.286490336043e-03
-7.773055064584e-02
-2.810810063542e+00
2.322716923228e+00
-3.268763035410e+00
1.089644178502e-01
-1.135755220369e-02
-9.239455917977e-02
3.719113334400e-02
6.211691070604e-06
4.360540059367e-02
4.285760230689e-02
2.734065394915e-02
-4.422523942072e-02
-0.000000000000e+00
-0.000000000000e+00
-0.000000000000e+00
2.818482321547e-11
-0.000000000000e+00
6.794808505342e-13
-0.000000000000e+00
-0.000000000000e+00
-0.000000000000e+00
-0.000000000000e+00
1.541976423090e-10
-0.000000000000e+00
4.842769703769e-10
-0.000000000000e+00
-0.000000000000e+00
-0.000000000000e+00
-0.000000000000e+00
-0.000000000000e+00
-0.000000000000e+00
3.541594824094e-10
-3.487485310136e-10
-1.288361901329e-04
-4.625929494372e-10
9.742397057126e-02
2.506920376569e-12
-7.563201370354e-04
-1.288356408046e-04
-2.251008774956e-17
9.742397065692e-02
2.506793659376e-12
-6.964903583249e-04
-1.288358893191e-04
-2.251008758913e-17
9.742396975250e-02
2.506774960966e-12
-6.855856472579e-04
-1.288361587533e-04
3.083952621080e-10
9.742396953735e-02
2.506811904854e-12
-6.927154566752e-04
3.716351032387e-02
-5.396917616414e-10
9.005731566522e-02
2.506680063548e-12
-6.749965956613e-04
3.716351062469e-02
-4.625929404869e-10
9.005731484646e-02
2.506571379350e-12
-6.139646411669e-04
3.716350979546e-02
3.083952710583e-10
9.005731489029e-02
2.506522875226e-12
-5.855670969560e-04
3.716350954695e-02
1.541976287493e-10
9.005731398586e-02
2.506509460953e-12
-5.739161568889e-04
6.879804838314e-02
-2.545126741302e-18
6.898025025538e-02
2.505447578768e-12
-3.144489243137e-05
6.879804839360e-02
-6.167905717813e-10
6.898024991074e-02
2.505566203414e-12
-1.255764331214e-04
6.879804851263e-02
-1.541976448542e-10
6.898025053527e-02
2.505743117883e-12
-2.307462765421e-04
6.879804879252e-02
1.541976397639e-10
6.898025040578e-02
2.506268515740e-12
-5.200172781813e-04
8.995870997115e-02
-4.625929180701e-10
3.740156824981e-02
2.503563138964e-12
9.682467458617e-04
8.995870848403e-02
8.857003586587e-18
3.740156723880e-02
2.504078765553e-12
6.185726209277e-04
8.995870783659e-02
6.167905780932e-10
3.740156583933e-02
2.504699948556e-12
2.619870226190e-04
8.995870818322e-02
3.083952934751e-10
3.740156805757e-02
2.505839040753e-12
-3.595436799487e-04
9.742396919271e-02
-4.625929080164e-10
1.288361482935e-04
2.509439288808e-12
-3.105690035173e-03
9.742396921363e-02
-1.541976233983e-10
1.288354590180e-04
2.506983853296e-12
-1.735535325889e-03
9.742396904230e-02
1.541976612198e-10
1.288365576748e-04
2.506329071462e-12
-1.431966363675e-03
9.742396863292e-02
4.625929458379e-10
1.288364072679e-04
2.506109086610e-12
-1.400501615278e-03
9.005731366214e-02
-6.167905431507e-10
-3.716351024669e-02
2.474946479506e-12
1.689815840122e-02
9.005731353265e-02
3.083953107036e-10
-3.716351052658e-02
2.479014684601e-12
1.482034104728e-02
9.005731469605e-02
3.083953107036e-10
-3.716351021531e-02
2.476583590759e-12
1.633070860689e-02
9.005731407152e-02
7.709882376307e-10
-3.716351009628e-02
2.467254232567e-12
2.167720245829e-02
6.898025042670e-02
-3.083952553291e-10
-6.879804948180e-02
2.499919082473e-12
3.197941670625e-03
6.898025036196e-02
-1.541976130201e-10
-6.879804962175e-02
2.500557716311e-12
2.760670304314e-03
6.898025042670e-02
2.928894462583e-17
-6.879804948180e-02
2.500652639855e-12
2.744090156268e-03
6.898025047053e-02
3.083953139070e-10
-6.879804865258e-02
2.499943448587e-12
3.356881841243e-03
3.740156792808e-02
-3.854940777392e-10
-8.995870846311e-02
2.508857055254e-12
-2.213189233379e-03
3.740156661427e-02
-1.541976142756e-10
-8.995870836500e-02
2.508178159873e-12
-1.831669910267e-03
3.740156614015e-02
-1.541976142756e-10
-8.995870865536e-02
2.508120304341e-12
-1.798123192143e-03
3.740156667901e-02
-3.083952565846e-10
-8.995870822506e-02
2.508712170287e-12
-2.156972015163e-03
1.288342099544e-04
-3.854940832625e-10
-9.742396897557e-02
2.506646894697e-12
-5.815879118013e-04
1.288351143803e-04
3.083953071282e-10
-9.742396922409e-02
2.506526021488e-12
-5.218413731822e-04
1.288353619026e-04
3.083953071282e-10
-9.742396942355e-02
2.506411512571e-12
-4.489160736617e-04
1.288353295308e-04
4.625929494372e-10
-9.742396949352e-02
2.506261486116e-12
-3.415854374485e-04
-3.716351111973e-02
7.709883471430e-11
-9.005731444754e-02
2.506791325778e-12
-7.758777063588e-04
-3.716351167952e-02
-3.083952710583e-10
-9.005731418857e-02
2.506750959579e-12
-7.489790295186e-04
-3.716351119493e-02
3.083952981779e-10
-9.005731424285e-02
2.506734017109e-12
-7.371682530804e-04
-3.716351108736e-02
1.355978394861e-17
-9.005731437757e-02
2.506686106724e-12
-7.065928501100e-04
-6.879804973978e-02
-4.625929243820e-10
-6.898024988261e-02
2.505509553057e-12
-1.063583570715e-04
-6.879804978261e-02
2.545126319802e-18
-6.898024960794e-02
2.505450342684e-12
-9.390508780807e-05
-6.879804967504e-02
3.083952871632e-10
-6.898024974266e-02
2.505462437145e-12
-1.035681384357e-04
-6.879804982544e-02
1.541976448542e-10
-6.898024933328e-02
2.505568677849e-12
-1.528480654949e-04
-8.995870888295e-02
-8.857003549889e-18
-3.740156773385e-02
2.504369541493e-12
3.937099308121e-04
-8.995870894770e-02
-4.625929357841e-10
-3.740156787379e-02
2.504197446791e-12
4.618751883727e-04
-8.995870868872e-02
-1.541976511660e-10
-3.740156731401e-02
2.504179305279e-12
4.710502420963e-04
-8.995870883913e-02
3.083952757611e-10
-3.740156690462e-02
2.504300934596e-12
4.247974873752e-04
-9.742396991336e-02
-1.541976612198e-10
-1.288351353000e-04
2.503589930580e-12
6.837611266293e-04
-9.742397011806e-02
-3.083953035288e-10
-1.288352105035e-04
2.503234924060e-12
8.270269366156e-04
-9.742397017757e-02
7.709881926345e-10
-1.288355227694e-04
2.503200410223e-12
8.478651784989e-04
-9.742396997811e-02
1.541976233983e-10
-1.288352752471e-04
2.503421137191e-12
7.842158655166e-04
-9.005731521202e-02
-1.541976683945e-10
3.716351130350e-02
2.503766484834e-12
5.562927928614e-04
-9.005731505638e-02
-2.608547864716e-17
3.716351072180e-02
2.503302431252e-12
7.371473173071e-04
-9.005731499164e-02
-1.541976683945e-10
3.716351086175e-02
2.503271833336e-12
7.559487187917e-04
-9.005731512113e-02
-2.608547862744e-17
3.716351058186e-02
2.503604969284e-12
6.549656760577e-04
-6.898025069091e-02
-7.709885044346e-11
6.879804909433e-02
2.504923340027e-12
5.134595732763e-05
-6.898025106891e-02
-3.083953139070e-10
6.879804791001e-02
2.504623732808e-12
1.688669623674e-04
-6.898025029199e-02
-3.083953139070e-10
6.879804958937e-02
2.504608413101e-12
1.781877946501e-04
-6.898025021155e-02
6.167905399472e-10
6.879804921236e-02
2.504851805226e-12
9.486746634934e-05
-3.740156752916e-02
-1.541976703425e-10
8.995870895816e-02
2.506325793682e-12
-5.157066793674e-04
-3.740156767956e-02
3.083952565846e-10
8.995870936754e-02
2.506160565253e-12
-4.551817150100e-04
-3.740156772862e-02
4.625928988937e-10
8.995870871063e-02
2.506166552297e-12
-4.587921105751e-04
-3.740156797713e-02
9.251858258208e-10
8.995870780621e-02
2.506333129899e-12
-5.204189338840e-04
