-5.086676772571e-17
-1.053157346010e-02
1.617147682000e-02
-2.652558647886e-02
-1.285949969595e-02
-1.099336412096e-03
1.053157346010e-02
1.285949969595e-02
2.652558649478e-02
1.617147681993e-02
-3.299677786781e-02
1.053157346010e-02
-8.167263202975e-03
1.275701380892e-02
2.639742227827e-02
1.617147681993e-02
3.409611845724e-02
-8.448757035003e-03
-1.053157346010e-02
-1.023407567124e-02
1.443275215478e-03
9.290464979995e-03
8.581102277366e-03
1.562900606705e-02
6.209451541018e-05
2.189472773939e-04
2.762646718763e-02
-2.560384797649e-03
4.359292479185e-02
-2.197415900767e-05
4.492579165477e-04
2.759659441114e-02
2.477905779162e-03
4.346605730890e-02
2.011705373216e-05
4.492579505070e-04
9.230344423377e-03
-8.551150418214e-03
1.552745423272e-02
-6.289744400654e-05
2.193248443162e-04
1.539911219643e-02
8.958443840357e-03
1.011536540690e-02
4.841563507105e-05
2.071829906306e-04
4.330509393724e-02
-3.403829829095e-03
2.904323078020e-02
-2.723019569927e-05
4.509738002124e-04
4.338274114223e-02
3.242467768581e-03
2.935263520160e-02
3.544264375313e-05
4.497165942880e-04
1.555192800117e-02
-9.156800915706e-03
1.050570073165e-02
-4.475161417707e-05
2.043239736662e-04
1.722725966209e-02
8.923611978912e-03
1.409948849434e-03
2.827548037206e-05
2.028006653481e-04
4.947173783716e-02
-5.065920949475e-03
7.881376055056e-03
-6.404180329949e-05
4.711850826940e-04
4.934093897948e-02
4.442073847613e-03
8.375497536192e-03
3.974119150546e-05
4.744823891130e-04
1.705010869751e-02
-9.319955028001e-03
2.225473558998e-03
-4.001061921974e-05
2.124964193036e-04
1.691497552055e-02
9.822519440048e-03
-6.490649957105e-03
3.537843085650e-05
1.897037422172e-04
5.532455904310e-02
-6.089587181456e-03
-1.356989600003e-02
-5.686755824983e-05
4.457068952241e-04
5.935204297319e-02
6.394845294490e-03
-1.287129829787e-02
9.442078957884e-05
4.255587384031e-04
2.140005703093e-02
-1.165255260051e-02
-5.690985170452e-03
-2.360675917557e-05
1.515721023939e-04
6.882058619495e-03
5.403753303835e-03
-8.079618855496e-03
-4.430674454324e-05
2.192258614846e-04
2.749909137257e-02
-4.610966145856e-03
-1.957179363350e-02
-4.062093331185e-05
5.742211994061e-04
2.587702959296e-02
1.932885872993e-03
-1.414224233868e-02
1.190496560140e-05
6.697437869007e-04
5.740056972795e-03
-5.643605627725e-03
-3.457136425334e-03
4.269692581926e-05
3.659464172730e-04
4.595212541822e-02
1.306350382764e-02
5.707936134330e-02
-6.206399041346e-05
2.970625775271e-04
1.218423102018e-01
2.302766426026e-03
1.479735798935e-01
6.646749072555e-06
5.359905064300e-04
1.145559402024e-01
-1.026528870320e-03
1.395283099205e-01
-1.954903403860e-04
3.396210976686e-04
3.776252216637e-02
-1.047724675137e-02
5.154449681021e-02
-4.397915867231e-05
7.524114706014e-06
3.985673528836e-03
4.328270491019e-03
-5.084748587489e-03
-6.511614279242e-05
3.277520049156e-04
2.337961906140e-02
1.332658031259e-03
-3.776862380744e-02
1.771268562582e-04
7.259708077107e-04
3.172762611617e-02
8.518409405665e-04
-4.883182937995e-02
9.752648242503e-05
8.295067198004e-04
1.308139816641e-02
-1.012481119805e-02
-1.752509595657e-02
1.923414263195e-04
4.981364164719e-04
-3.883476748785e-03
4.225834940522e-03
-9.832486141585e-03
-5.571500942354e-05
1.511541311279e-04
-9.578819288204e-03
-2.374967049693e-03
-3.280199249806e-02
-1.622368344420e-05
3.305180475347e-04
-8.082841262229e-03
1.262154140885e-04
-3.557164055284e-02
-1.031465351225e-04
3.210018742375e-04
-3.415702929830e-03
-6.509664641810e-03
-1.386804803125e-02
-6.983586009447e-07
1.181088860569e-04
-6.781611309551e-03
7.700254532399e-03
-1.366351366860e-02
-6.258454627480e-05
2.204513083894e-04
-2.039535621960e-02
-2.970854395331e-03
-4.098264771311e-02
3.165862507022e-05
4.431048196037e-04
-1.883322128448e-02
2.230303124237e-03
-4.303480838862e-02
9.545383360521e-06
4.507673389035e-04
-4.762372773952e-03
-8.953651485696e-03
-1.620268143373e-02
8.261777395408e-05
2.357660357808e-04
-1.270205359055e-02
8.336215717044e-03
-1.011174287622e-02
-4.205540650094e-05
1.901275614540e-04
-3.470307079159e-02
-3.379632790127e-03
-2.867014257254e-02
2.930505223895e-05
4.201990851034e-04
-3.355835434306e-02
3.005502921403e-03
-2.844876360678e-02
-3.375371142684e-05
4.188218508138e-04
-1.148978866283e-02
-8.165016253478e-03
-9.948350635809e-03
3.947952124354e-05
1.875370105130e-04
-1.603740743571e-02
9.571066141510e-03
-4.835955051252e-03
-3.375141974893e-05
1.915020185128e-04
-4.550832559751e-02
-4.495312097266e-03
-1.596246269823e-02
4.683298979650e-05
4.429358259376e-04
-4.450140594582e-02
4.525625330578e-03
-1.553189562342e-02
-5.025796063274e-05
4.417511033221e-04
-1.492196039574e-02
-9.065149333342e-03
-4.352776296615e-03
3.126006920862e-05
1.895572784926e-04
-1.628901650932e-02
1.053938985942e-02
1.992171923646e-03
-3.174668907971e-05
1.898520582621e-04
-4.934304464023e-02
-6.254221752551e-03
2.704108521136e-03
7.325551096253e-05
4.536970280896e-04
-4.863298626824e-02
6.400420389545e-03
2.970964420487e-03
-7.698936017121e-05
4.524955117331e-04
-1.548697143326e-02
-1.011420665158e-02
2.278624907764e-03
2.942898301901e-05
1.880822991837e-04
-1.393806935638e-02
8.888054326086e-03
8.186535017375e-03
1.010710597072e-05
1.966222796136e-04
-4.564453868023e-02
-2.546420720706e-03
2.209159523293e-02
1.063433008332e-05
4.655095107020e-04
-4.531594664350e-02
2.688236156940e-03
2.219551942837e-02
-1.263386315608e-05
4.649283401497e-04
-1.354398275408e-02
-8.677741076835e-03
8.280392501417e-03
-1.117726430296e-05
1.959771010300e-04
-9.782229327410e-03
6.776145500345e-03
1.309764134391e-02
6.392255211446e-05
2.093577379109e-04
-3.359171414663e-02
1.443546039703e-03
3.893799980328e-02
-7.087554711608e-05
4.690811429110e-04
-3.345817864027e-02
-1.350114018632e-03
3.899239975103e-02
6.980283196928e-05
4.689468606985e-04
-9.609591252238e-03
-6.692448266570e-03
1.313775700852e-02
-6.444509805559e-05
2.093148438188e-04
-4.225290990832e-03
7.505914724065e-03
1.618792412971e-02
6.629927465590e-05
2.206077597353e-04
-1.501510832567e-02
-5.836786618367e-04
4.975246369487e-02
-4.442647199724e-05
4.636937312739e-04
-1.490506623913e-02
6.325774003961e-04
4.973926664948e-02
4.331907937954e-05
4.636649733383e-04
-4.097940613700e-03
-7.444235228684e-03
1.615282496181e-02
-6.686631014619e-05
2.208218641564e-04
2.204443690761e-03
8.083684748404e-03
1.738382829279e-02
6.746773640276e-05
2.237394062760e-04
7.017088758992e-03
-1.809136580507e-03
5.156764112494e-02
-2.685978488177e-05
4.537462320253e-04
7.101236446888e-03
1.815382408583e-03
5.145172751297e-02
2.598236202664e-05
4.536390992553e-04
2.285863639744e-03
-8.014800936430e-03
1.724990115540e-02
-6.787382449657e-05
2.238102801918e-04
