1.221104562879e-15
2.167559943220e+00
3.145383172769e+01
-4.271882270697e+01
-1.003877405027e+01
-1.879440035210e+00
-2.167559943220e+00
1.003877405027e+01
4.271882270649e+01
3.145383172769e+01
-5.314212128208e+01
-2.167559943220e+00
1.818245607997e+01
1.027534568791e+01
4.251369702615e+01
3.145383172769e+01
5.502156129277e+01
1.884907816013e+01
2.167559943220e+00
-1.424179885015e+00
-9.209914417450e-01
1.485116956904e-01
-1.176668733924e-01
-2.697306729688e-01
-1.303127451343e-03
-4.828065529135e-03
4.096994563239e-01
-6.679916976618e-02
-6.453628004852e-01
-3.606654675445e-04
-1.053120165464e-02
4.272205808028e-01
-8.550237032234e-02
-6.052173402534e-01
-1.490576045420e-03
-1.146377003205e-02
1.464951329163e-01
4.706965105798e-02
-1.586274188437e-01
9.654505066097e-04
-5.399303889301e-03
1.414036032692e-01
-1.303549165134e-01
-3.159931095885e-01
-1.493560789942e-03
-5.337623736597e-03
3.858241882994e-01
-4.485639345724e-02
-7.401369073807e-01
-4.712857840866e-04
-1.137873016817e-02
3.983490272156e-01
-7.095537273217e-02
-6.464177471545e-01
-1.608556857759e-03
-1.210248178910e-02
1.386986736719e-01
4.853377359536e-02
-1.613309515706e-01
9.927511180778e-04
-5.614788591228e-03
1.283881013699e-01
-1.425539111903e-01
-3.624496822487e-01
-1.662039535345e-03
-5.875227857755e-03
3.511814502832e-01
-1.670648854805e-02
-8.321959747657e-01
-4.861986160431e-04
-1.225491276266e-02
3.656089380401e-01
-5.004579218373e-02
-6.742931314429e-01
-1.642199839077e-03
-1.267717732264e-02
1.312446113475e-01
4.914148961452e-02
-1.585686622498e-01
1.032828100371e-03
-5.779381474585e-03
1.090961549525e-01
-1.539657907246e-01
-4.081125722666e-01
-1.796289094315e-03
-6.432059969177e-03
3.060751736028e-01
1.884555435042e-02
-9.198858298105e-01
-3.801903847056e-04
-1.314768941575e-02
3.313713992170e-01
-2.155143851830e-02
-6.869766485151e-01
-1.568496920070e-03
-1.316197393241e-02
1.252611226536e-01
4.883102786538e-02
-1.498808221691e-01
1.089779637173e-03
-5.882528476901e-03
8.328337713542e-02
-1.644829965073e-01
-4.525131668927e-01
-1.886787181559e-03
-7.000570069400e-03
2.508083688049e-01
6.312554284305e-02
-1.003496817591e+00
-1.353234135866e-04
-1.404998746655e-02
2.980901006194e-01
1.580178651576e-02
-6.848516416130e-01
-1.370411178505e-03
-1.353636035264e-02
1.218604593294e-01
4.784799280098e-02
-1.357385255480e-01
1.167043173282e-03
-5.917427325911e-03
5.057584716504e-02
-1.743813718697e-01
-4.961454311634e-01
-1.928229246192e-03
-7.577978579272e-03
1.847780696642e-01
1.175756246850e-01
-1.086456004028e+00
2.585102927862e-04
-1.496747470342e-02
2.673716186190e-01
6.326408521523e-02
-6.717843332631e-01
-1.036926953560e-03
-1.379391712067e-02
1.217785226331e-01
4.695056714407e-02
-1.180120912648e-01
1.268902772873e-03
-5.885247363388e-03
1.000154897871e-02
-1.845740322959e-01
-5.409362620685e-01
-1.921011057338e-03
-8.171021603909e-03
1.050024199923e-01
1.837581156587e-01
-1.176503644765e+00
8.046767704645e-04
-1.592888676934e-02
2.384866608321e-01
1.219692661423e-01
-6.563908845593e-01
-5.619525610868e-04
-1.395421285355e-02
1.247950043520e-01
4.766971699856e-02
-1.004413385964e-01
1.402628988863e-03
-5.800481272802e-03
-4.070417869796e-02
-1.969048075919e-01
-5.906052998884e-01
-1.872856422733e-03
-8.801347583012e-03
4.083288534662e-03
2.633664723069e-01
-1.286473548187e+00
1.501783815368e-03
-1.699768178163e-02
2.062802360767e-01
1.928131955020e-01
-6.529991408213e-01
5.691488090992e-05
-1.407684242923e-02
1.289048074145e-01
5.259467880806e-02
-8.897114350321e-02
1.580559761384e-03
-5.696674536055e-03
-1.059407368244e-01
-2.144171521472e-01
-6.506858317881e-01
-1.800439871074e-03
-9.510087314773e-03
-1.321408092655e-01
3.581985277850e-01
-1.434086532060e+00
2.345587009414e-03
-1.828201398874e-02
1.586540905163e-01
2.762777553183e-01
-6.817444464199e-01
8.187460364014e-04
-1.427473057619e-02
1.293006566691e-01
6.561356358576e-02
-9.173504858567e-02
1.821318334181e-03
-5.631061386264e-03
-1.929791906416e-01
-2.414633179311e-01
-7.278941423161e-01
-1.730318151640e-03
-1.035909179706e-02
-3.265435345618e-01
4.700065326973e-01
-1.639983585835e+00
3.329882355789e-03
-1.993779332059e-02
7.420292817233e-02
3.721663306641e-01
-7.670146066556e-01
1.718159064517e-03
-1.472100369091e-02
1.173921144268e-01
9.198145980149e-02
-1.183958011570e-01
2.149384274053e-03
-5.685617798373e-03
-3.120671631088e-01
-2.834229818520e-01
-8.285197860098e-01
-1.697817995667e-03
-1.142579065895e-02
-6.108707828852e-01
6.000976512928e-01
-1.923210702625e+00
4.445630190067e-03
-2.215799929895e-02
-7.878140127597e-02
4.792124145902e-01
-9.333537732079e-01
2.742767815107e-03
-1.564071619555e-02
8.032939551195e-02
1.380145159429e-01
-1.785246004631e-01
2.592196651463e-03
-5.960984466392e-03
-4.750616228363e-01
-3.457110716348e-01
-9.556555063678e-01
-1.742035749839e-03
-1.278924599675e-02
-1.021954958890e+00
7.485228651418e-01
-2.293749899344e+00
5.677310254642e-03
-2.514214604877e-02
-3.399523165687e-01
5.945176423626e-01
-1.198229280437e+00
3.869278721000e-03
-1.727864853181e-02
1.785222516223e-03
2.101405037384e-01
-2.788179935993e-01
3.173696026012e-03
-6.560035587911e-03
-6.916145169316e-01
-4.317397211318e-01
-1.105437954935e+00
-1.895032127932e-03
-1.450570290472e-02
-1.591517121394e+00
9.126868751725e-01
-2.742597755430e+00
6.994347442158e-03
-2.904151749727e-02
-7.486961771342e-01
7.127925517310e-01
-1.562076406401e+00
5.056784895357e-03
-1.984025469598e-02
-1.350559151822e-01
3.130348971339e-01
-4.193342973841e-01
3.902926942936e-03
-7.561187035113e-03
-9.622329256733e-01
-5.396756905184e-01
-1.263087972117e+00
-2.164069981749e-03
-1.657353230457e-02
-2.327867283171e+00
1.085329671595e+00
-3.231338613802e+00
8.336296299644e-03
-3.387900883993e-02
-1.328019806356e+00
8.254980476087e-01
-1.997664265351e+00
6.235970394065e-03
-2.341155058127e-02
-3.414995760927e-01
4.466964435678e-01
-5.895243660497e-01
4.756938784858e-03
-8.985761742728e-03
-1.268361826460e+00
-6.583469931300e-01
-1.400717142422e+00
-2.509431564542e-03
-1.890071863192e-02
-3.189735954663e+00
1.252097387303e+00
-3.685836172408e+00
9.596153694130e-03
-3.946845180816e-02
-2.060447054621e+00
9.201816466717e-01
-2.442962503944e+00
7.299144823795e-03
-2.787938406178e-02
-6.142765042047e-01
6.026207397278e-01
-7.655602515099e-01
5.659526275781e-03
-1.076887855450e-02
-1.561616345079e+00
-7.634731703505e-01
-1.479862909953e+00
-2.826583466967e-03
-2.129709881812e-02
-4.057086703417e+00
1.389080523580e+00
-4.001259371054e+00
1.060572470708e-02
-4.538084107708e-02
-2.860089295396e+00
9.804361395259e-01
-2.803916401379e+00
8.097616931463e-03
-3.289203412252e-02
-9.249758452309e-01
7.598400266792e-01
-9.113546868608e-01
6.460465910482e-03
-1.275133456695e-02
-1.757927785716e+00
-8.164789508821e-01
-1.460799399237e+00
-2.946646888025e-03
-2.348182512342e-02
-4.712838916144e+00
1.460911489428e+00
-4.063621822047e+00
1.112211222051e-02
-5.094400015039e-02
-3.552632865607e+00
9.871977635272e-01
-2.972894676765e+00
8.448055399202e-03
-3.786889521889e-02
-1.212332188682e+00
8.825691876540e-01
-9.857112169155e-01
6.924948411042e-03
-1.470019973145e-02
-1.743650337519e+00
-7.691157404771e-01
-1.319125857222e+00
-2.681940000909e-03
-2.510282521079e-02
-4.852407587835e+00
1.420617274101e+00
-3.790049737903e+00
1.083515597882e-02
-5.527963523425e-02
-3.878977565360e+00
9.214942170460e-01
-2.865599685462e+00
8.146297539109e-03
-4.206952293939e-02
-1.383646077848e+00
9.219884792323e-01
-9.568183455407e-01
6.754215361576e-03
-1.636225761141e-02
-1.391514778113e+00
-5.749094383772e-01
-1.065188662110e+00
-1.959032402935e-03
-2.576075772551e-02
-4.115501047855e+00
1.210617572892e+00
-3.181605298266e+00
9.438151559776e-03
-5.740874382867e-02
-3.523033135194e+00
7.646364135420e-01
-2.473752163078e+00
6.936442955859e-03
-4.478487645263e-02
-1.327423446612e+00
8.229712154275e-01
-8.229095775202e-01
5.659730860044e-03
-1.757522615552e-02
-5.502858925082e-01
-1.974879876976e-01
-7.170172473587e-01
-1.050070515054e-03
-2.375844353027e-02
-2.058339587129e+00
7.542152628199e-01
-2.256990648065e+00
6.725390377208e-03
-5.372082660143e-02
-2.097287112689e+00
4.850667236351e-01
-1.850662590669e+00
4.291913296680e-03
-4.385858958819e-02
-9.151786703018e-01
5.241614264475e-01
-6.180820951086e-01
3.443468106437e-03
-1.781440349985e-02
9.260667848406e-01
3.321217579040e-01
5.947698502627e-02
-3.478422411095e-04
-5.180327456001e-03
1.745568001821e+00
7.195277508833e-02
8.010422661306e-02
2.350305236033e-03
-1.181331147887e-02
9.321183300785e-01
3.924745730806e-03
-2.403833637167e-01
-2.398394094258e-04
-1.406228821640e-02
6.129194672652e-02
-1.550313101055e-02
-1.964594430353e-01
2.358626638793e-04
-8.335000668115e-03
1.970228885459e+00
5.157168209808e-01
1.093610724633e+00
-1.076148541623e-04
2.605702435657e-02
4.661337220142e+00
-3.734310734199e-01
3.463382420777e+00
-1.858707098408e-03
6.192030316375e-02
3.479738452815e+00
-7.079431059986e-01
2.249455505125e+00
-5.473942232412e-03
4.380471771119e-02
9.413756183756e-01
-3.757839513544e-01
4.356157185336e-01
-2.274784115794e-03
1.200552512767e-02
2.367530450070e+00
3.306950259019e-01
1.862885829031e+00
-1.148028669488e-03
5.025335691964e-02
6.082597352026e+00
-6.528155778022e-01
6.020718254438e+00
-3.664244308507e-03
1.193144407205e-01
4.827131347079e+00
-1.533850771286e+00
4.077006423201e+00
-1.206970053006e-02
8.916570102650e-02
1.440857639104e+00
-4.897934348233e-01
9.237634118335e-01
-3.227237162961e-03
2.955198929851e-02
2.395226633483e+00
1.200815463055e-02
2.228824094771e+00
-2.589678573061e-03
6.155462410654e-02
6.574698588171e+00
-9.062428437217e-01
7.242497023532e+00
-3.317520758376e-03
1.483282436484e-01
5.374701298048e+00
-2.278694354696e+00
4.924617183676e+00
-1.844137007641e-02
1.134523991011e-01
1.683343526063e+00
-4.943201624402e-01
1.199993221943e+00
-3.203236256574e-03
4.083914475660e-02
2.247257806407e+00
-2.608761973038e-01
2.114925128001e+00
-3.335569528996e-03
5.861329863651e-02
6.464570421526e+00
-1.191344449788e+00
6.867650245665e+00
-1.524316081151e-03
1.459535382045e-01
5.316794785397e+00
-2.750728290930e+00
4.675737296499e+00
-2.228621802843e-02
1.146232633883e-01
1.704792551306e+00
-4.587172343731e-01
1.222539582027e+00
-2.773351586998e-03
4.442614063441e-02
2.010357817101e+00
-3.711669698090e-01
1.607734315071e+00
-2.429501054579e-03
4.562950502244e-02
5.922877125264e+00
-1.414701533327e+00
5.143961632672e+00
1.169056696584e-03
1.189912721616e-01
4.801093337619e+00
-2.796884385417e+00
3.543575768296e+00
-2.166864553313e-02
9.735892954043e-02
1.536074821407e+00
-4.156406664361e-01
1.019472205042e+00
-2.307776533918e-03
4.121050455745e-02
1.786167313107e+00
-3.215786874763e-01
9.484261625558e-01
1.465687851122e-04
2.988159239891e-02
5.195585713471e+00
-1.598441666502e+00
2.935639934059e+00
3.340684350762e-03
8.408183483512e-02
4.041492735358e+00
-2.512478644100e+00
2.082244494487e+00
-1.719808464860e-02
7.275846624068e-02
1.247948192196e+00
-3.904495488979e-01
7.001420563851e-01
-2.185376474989e-03
3.421854251686e-02
1.570420360645e+00
-1.739949340001e-01
3.689710564265e-01
3.418405080231e-03
1.783914700411e-02
4.339172244225e+00
-1.619753017725e+00
1.071847214191e+00
5.105153233959e-03
5.536469999653e-02
3.137100990683e+00
-2.026538781868e+00
8.498077020343e-01
-1.038258989231e-02
5.077838550798e-02
8.913593580891e-01
-3.599675242340e-01
3.993978762484e-01
-2.080434650627e-03
2.665567181238e-02
8.175722247733e-01
1.497238264342e-01
9.892951738073e-02
9.126242347674e-03
1.419183904771e-02
2.821146366791e+00
-6.949648614569e-01
-4.957374562266e-02
9.236309907824e-03
3.322996835539e-02
1.948058481186e+00
-1.281349329021e+00
1.797069545868e-01
-1.529880036091e-03
3.378857688951e-02
4.858868518718e-01
-2.443708324450e-01
2.262583519980e-01
-6.760161786845e-04
2.022517511488e-02
9.473782933760e-01
7.553344639522e-02
-1.468631305974e-01
6.776356364357e-03
1.072675823249e-02
2.123080451820e+00
-9.931928243485e-01
-3.347204709707e-01
8.450024230803e-03
3.057161384022e-02
1.016489527017e+00
-9.386130678383e-01
-4.077383648888e-02
2.795444411044e-03
2.534622952452e-02
1.080868474439e-01
-1.571700525109e-01
1.772182569912e-01
-8.858818377982e-05
1.482594373458e-02
5.242571489739e-01
9.981511723703e-02
-1.251869690284e-01
6.397415310763e-03
9.841932183658e-03
8.704137406169e-01
-5.372341091841e-01
-1.462856327547e-01
9.057747189640e-03
2.372797861195e-02
-4.464751686174e-02
-4.660561446386e-01
1.458796989147e-01
6.997258905679e-03
1.591630053254e-02
-2.309240956001e-01
4.004474712431e-03
2.524132901700e-01
1.302618938028e-03
9.503907191264e-03
9.777960492049e-02
6.995827320958e-02
-9.410218821224e-04
5.618236184791e-03
6.976505964726e-03
-3.161404466454e-01
-1.271732326392e-01
3.129915030081e-01
8.448756654667e-03
1.380246308181e-02
-9.775049944653e-01
-6.854506317118e-02
5.459293702754e-01
9.423372830253e-03
5.138480851387e-03
-4.980108377931e-01
1.710439373309e-01
3.967554485473e-01
2.194367008856e-03
3.912424254825e-03
-2.905244406532e-01
4.065855879769e-04
1.949809820502e-01
4.969572368577e-03
2.063499389649e-03
-1.351866789967e+00
2.094031224961e-01
9.304226155677e-01
6.814012059185e-03
9.952725494515e-04
-1.722149499381e+00
2.516912068606e-01
1.066945885585e+00
1.031036866623e-02
-6.257722623155e-03
-6.889391132844e-01
3.252104749314e-01
5.767552319666e-01
2.359694902139e-03
-1.469463458774e-03
-6.117011537554e-01
-1.039537313279e-01
4.681503919333e-01
4.540215622991e-03
-3.225285688760e-03
-2.161640240236e+00
4.792585824709e-01
1.709403965677e+00
4.791229023142e-03
-1.107320214975e-02
-2.229202420271e+00
4.923563676874e-01
1.688867461725e+00
1.001526098204e-02
-1.543268090824e-02
-7.978203041605e-01
4.573249063848e-01
7.776039778845e-01
1.993584766314e-03
-5.501134106488e-03
-7.909524688436e-01
-2.359460384128e-01
8.250694696342e-01
3.919213379628e-03
-5.630615540021e-03
-2.530121000701e+00
7.035896369609e-01
2.659352997983e+00
3.675481656218e-03
-1.561393000570e-02
-2.335734263340e+00
6.508867414896e-01
2.384035208954e+00
9.031326933221e-03
-1.730993090430e-02
-7.789115275663e-01
5.590442519072e-01
9.796730411736e-01
1.806459664837e-03
-6.248416219581e-03
-6.551957621046e-01
-3.477330320157e-01
1.170593824381e+00
2.447471613604e-03
-3.873396402661e-04
-1.987360445139e+00
8.760973421893e-01
3.520377297861e+00
5.599860535377e-03
-3.073860621008e-03
-1.700169571942e+00
7.260082379432e-01
2.905402818211e+00
8.737977974273e-03
-5.201949850039e-03
-5.336912721800e-01
5.929955016129e-01
1.098688299158e+00
2.870929918547e-03
-1.201827669765e-03
-5.063346819913e-01
-3.782849791029e-01
1.285959582360e+00
1.732275497289e-03
1.872094438277e-03
-1.444330846365e+00
9.469538149893e-01
3.683171455073e+00
5.932365146594e-03
2.723370146223e-03
-1.119362202801e+00
7.868690575407e-01
2.798490691036e+00
7.902310092959e-03
6.888344637505e-04
-3.272601631746e-01
5.513141519252e-01
1.017787950073e+00
3.110995277191e-03
1.234408122684e-03
-4.438487100742e-01
-3.441303395670e-01
1.215287884066e+00
1.652173488207e-03
-8.401953558712e-04
-1.188766643474e+00
9.448336066382e-01
3.328847928652e+00
3.371560212445e-03
-2.006058020164e-03
-7.993304140499e-01
8.303236007144e-01
2.247688698900e+00
5.136651054503e-03
-1.542574078978e-03
-2.102323336595e-01
4.490326450997e-01
7.749882823796e-01
1.961222752634e-03
2.858207953286e-04
-3.129355218793e-01
-2.948917328273e-01
1.090757188495e+00
1.314649558076e-03
-1.272195450973e-03
-7.899152291337e-01
8.904033049766e-01
2.859480478625e+00
1.890527872811e-03
-2.224119288338e-03
-4.495858337026e-01
8.085223328336e-01
1.671058079830e+00
3.217381346396e-03
-7.204800015828e-04
-9.636417755483e-02
3.363622022787e-01
5.253536773425e-01
1.234602242634e-03
5.604878215315e-04
-1.913393007632e-01
-2.367847336796e-01
9.236163327529e-01
9.638359707941e-04
-1.355134089367e-03
-4.509653219441e-01
8.049852833201e-01
2.304310218403e+00
6.280696138886e-04
-1.921086905467e-03
-1.985211813613e-01
7.527450123593e-01
1.086370529306e+00
1.639261416280e-03
2.608128417739e-04
-2.289735945051e-02
2.259123312954e-01
2.800099713803e-01
6.424045341763e-04
9.122929636505e-04
-1.140962450023e-01
-1.840018222991e-01
7.566116852009e-01
6.203995057682e-04
-1.891272011392e-03
-2.535082552844e-01
7.064775072860e-01
1.777875439429e+00
-9.667012669081e-04
-2.622157530240e-03
-7.536633758008e-02
6.785949622482e-01
5.905671249757e-01
-1.432018615146e-04
6.571156965851e-04
4.436290998303e-03
1.328517139652e-01
7.555980999621e-02
3.365749975899e-05
1.105875062998e-03
-5.186528644789e-02
-1.427956956086e-01
6.111048347100e-01
3.321737381143e-04
-1.894827274243e-03
-1.105267771255e-01
6.041392629123e-01
1.336065361260e+00
-1.903870959835e-03
-2.405989468444e-03
-1.769142402534e-02
5.928723992230e-01
2.204268233059e-01
-1.204733096651e-03
1.363050153061e-03
7.366285461933e-03
6.115474707635e-02
-7.389656890426e-02
-2.979338361715e-04
1.419721007113e-03
-1.097323105165e-02
-1.151610996002e-01
4.981076480720e-01
1.240315863068e-04
-1.847987319141e-03
-3.010348306452e-02
5.056683858441e-01
1.004446498117e+00
-2.513073693364e-03
-2.183255812754e-03
-9.484653714616e-03
5.042788794470e-01
-1.433494428760e-02
-1.891492140105e-03
1.894924579352e-03
-5.828350738570e-03
1.162801582608e-02
-1.661334400143e-01
-4.856579507721e-04
1.672386864311e-03
1.566278060076e-02
-9.956917650172e-02
4.166728805486e-01
2.484624390432e-05
-1.796675380310e-03
1.212447615358e-02
4.146829195528e-01
7.765087497578e-01
-2.769909870201e-03
-2.034040630608e-03
-2.572525851000e-02
4.173210255928e-01
-1.325475199941e-01
-2.178398241349e-03
2.134290917511e-03
-2.555245968582e-02
-1.895171035857e-02
-2.095257920467e-01
-5.621962916714e-04
1.791478874766e-03
3.441497486070e-02
-9.335502534930e-02
3.614423471631e-01
2.241672445219e-05
-1.763435479752e-03
3.649942803346e-02
3.328461081553e-01
6.343228141262e-01
-2.739521979331e-03
-1.989376221906e-03
-4.548914328127e-02
3.347454117713e-01
-1.602726107122e-01
-2.148131462274e-03
2.083760545871e-03
-4.411040060460e-02
-3.443069474926e-02
-2.149577634342e-01
-5.650357210840e-04
1.769049175333e-03
4.898145725860e-02
-9.353191806592e-02
3.253391353274e-01
9.358914354625e-05
-1.775619334842e-03
5.482797770314e-02
2.606282559125e-01
5.554483350510e-01
-2.523856774550e-03
-2.088338834796e-03
-5.672385732966e-02
2.581453847987e-01
-1.255497207676e-01
-1.910662263033e-03
1.767111363274e-03
-5.712920231942e-02
-3.873162717987e-02
-1.939416141866e-01
-5.338328763395e-04
1.614400625095e-03
6.192791331113e-02
-9.726831244235e-02
3.010820094885e-01
2.091274974761e-04
-1.817677632111e-03
7.470149134400e-02
1.977642760521e-01
5.173312991700e-01
-2.200562283804e-03
-2.289408057129e-03
-5.314109319354e-02
1.883727499103e-01
-5.439931463160e-02
-1.550758096474e-03
1.260985879914e-03
-6.246905998610e-02
-3.537512382581e-02
-1.569685933957e-01
-4.913951117862e-04
1.360428266968e-03
7.415074140440e-02
-1.022404300358e-01
2.826137129948e-01
3.427501845072e-04
-1.869414752336e-03
9.860721606566e-02
1.436714972509e-01
5.010555425931e-01
-1.831800031801e-03
-2.543572430490e-03
-3.385386734062e-02
1.258431472465e-01
3.203668343186e-02
-1.134142896687e-03
6.428819308445e-04
-5.992898534055e-02
-2.723691010447e-02
-1.125727843651e-01
-4.515954679456e-04
1.042432042237e-03
8.546073872793e-02
-1.067434137913e-01
2.656095879765e-01
4.738584846051e-04
-1.911760848924e-03
1.258112229941e-01
9.764484873680e-02
4.926932381685e-01
-1.461638814552e-03
-2.804904060519e-03
-1.266528645792e-03
7.070336736023e-02
1.183322150967e-01
-7.077647660445e-04
-1.786016820664e-05
-5.047091002945e-02
-1.650980899176e-02
-6.708631265389e-02
-4.208917447303e-04
6.934587066429e-04
9.512611571227e-02
-1.096565100520e-01
2.474250799274e-01
5.884475167678e-04
-1.929482923209e-03
1.539658652052e-01
5.896561999294e-02
4.830999843795e-01
-1.117357592667e-03
-3.035243648930e-03
4.051378502166e-02
2.294513689074e-02
1.942643887429e-01
-3.021383585565e-04
-6.643078513201e-04
-3.567797458028e-02
-4.803746076920e-03
-2.487332531771e-02
-4.004455486607e-04
3.417979537137e-04
1.022574306663e-01
-1.103948788320e-01
2.269580585529e-01
6.788336939843e-04
-1.915267209006e-03
1.802345482156e-01
2.692638261569e-02
4.674911538546e-01
-8.139956283403e-04
-3.211835705018e-03
8.693382481068e-02
-1.755638672420e-02
2.542211763712e-01
6.334986784665e-05
-1.255936749050e-03
-1.732150006752e-02
6.772735609300e-03
1.142212241941e-02
-3.887052401876e-04
9.180719678958e-06
1.061314079792e-01
-1.087964178759e-01
2.042578704061e-01
7.424248714796e-04
-1.868798628111e-03
2.021337899211e-01
8.318448069724e-04
4.443883221752e-01
-5.572591889690e-04
-3.325976932906e-03
1.337873863694e-01
-5.101681492125e-02
2.961493112142e-01
3.776924204561e-04
-1.768266120900e-03
2.896014656009e-03
1.749609821828e-02
4.049890585463e-02
-3.827851003364e-04
-2.895262419561e-04
1.063814278931e-01
-1.050007350085e-01
1.801106299801e-01
7.800210788136e-04
-1.794908794181e-03
2.180103609004e-01
-2.001677358860e-02
4.145426287413e-01
-3.463831078582e-04
-3.380018769749e-03
1.777065358254e-01
-7.772314329342e-02
3.205370801682e-01
6.354947283355e-04
-2.190765247896e-03
2.350723669405e-02
2.692874213601e-02
6.205122504793e-02
-3.793478368941e-04
-5.457862880612e-04
1.030635150767e-01
-9.933070292863e-02
1.556546070314e-01
7.941587603373e-04
-1.701389091816e-03
2.272113298510e-01
-3.634359986665e-02
3.799560789663e-01
-1.763272694087e-04
-3.383676821053e-03
2.163898163070e-01
-9.801355324867e-02
3.294931968252e-01
8.347659381016e-04
-2.523969085862e-03
4.336929097800e-02
3.483569284830e-02
7.646163420741e-02
-3.750458852390e-04
-7.564848774146e-04
9.661962774477e-02
-9.218766771202e-02
1.320704401507e-01
7.877823718051e-04
-1.597080393312e-03
2.300181043976e-01
-4.891792624733e-02
3.430893694508e-01
-3.929669819309e-05
-3.350601291794e-03
2.486198435433e-01
-1.122560580364e-01
3.259668955642e-01
9.753029770883e-04
-2.776371563241e-03
6.169060060018e-02
4.111568443053e-02
8.454099773445e-02
-3.666634060473e-04
-9.228660168541e-04
8.777690403761e-02
-8.397007636494e-02
1.103696087550e-01
7.633503879041e-04
-1.490495149982e-03
2.274407947717e-01
-5.856428554257e-02
3.062939782437e-01
7.425521731180e-05
-3.295539146185e-03
2.741411960166e-01
-1.208310377767e-01
3.131325339609e-01
1.057598593236e-03
-2.961283939200e-03
7.801391866272e-02
4.574712699894e-02
8.731793003597e-02
-3.510920896952e-04
-1.049372844500e-03
7.741882351143e-02
-7.502398123185e-02
9.128467861232e-02
7.224663390184e-04
-1.389143727128e-03
2.209487620155e-01
-6.614721940635e-02
2.714734096010e-01
1.747659837935e-04
-3.232478180710e-03
2.934516815433e-01
-1.241345663122e-01
2.939588332530e-01
1.082422842510e-03
-3.094244540876e-03
9.216799425277e-02
4.875309828125e-02
8.588313520502e-02
-3.253403964702e-04
-1.142651511535e-03
6.645880641226e-02
-6.563082104519e-02
7.524055999472e-02
6.660803156496e-04
-1.299372750467e-03
2.121990801420e-01
-7.250642657784e-02
2.399313239686e-01
2.722900394566e-04
-3.173575601066e-03
3.075538475010e-01
-1.226231117799e-01
2.709444489630e-01
1.051331653383e-03
-3.191077906828e-03
1.041984886313e-01
5.018976883981e-02
8.128269020615e-02
-2.867794296436e-04
-1.210759908291e-03
5.573640497146e-02
-5.602830878455e-02
6.237707124082e-02
5.951634082776e-04
-1.226386894610e-03
2.028052103519e-01
-7.833829446347e-02
2.123558894223e-01
3.745853026563e-04
-3.128619371666e-03
3.177081801311e-01
-1.169027783920e-01
2.459926169259e-01
9.680928968879e-04
-3.266592228587e-03
1.142902333266e-01
5.015621931154e-02
7.444922080635e-02
-2.336895490256e-04
-1.262494153313e-03
4.594747458553e-02
-4.643835187747e-02
5.259356266938e-02
5.113620152122e-04
-1.174124722022e-03
1.941683630148e-01
-8.408105579754e-02
1.888883536977e-01
4.853996759612e-04
-3.104814318525e-03
3.252170513810e-01
-1.078099948791e-01
2.203940787948e-01
8.401027497737e-04
-3.333844119503e-03
1.226938931767e-01
4.880466808454e-02
6.615771817312e-02
-1.657787020621e-04
-1.306672312358e-03
3.761347445381e-02
-3.708921207617e-02
4.560457093255e-02
4.172958392771e-04
-1.145044487074e-03
1.873802428294e-01
-8.987060063847e-02
1.692280561514e-01
6.039591448056e-04
-3.106810160655e-03
3.312595029229e-01
-9.642506806649e-02
1.948897040527e-01
6.787783412325e-04
-3.403795871480e-03
1.296707781852e-01
4.634646525708e-02
5.700637749547e-02
-8.447815896284e-05
-1.351402273870e-03
3.108803448176e-02
-2.827934985567e-02
4.100842409073e-02
3.172459700312e-04
-1.140241738604e-03
1.831935780378e-01
-9.553342790499e-02
1.527467644719e-01
7.248712128230e-04
-3.137158804230e-03
3.367928130555e-01
-8.405556716909e-02
1.697861070647e-01
4.995493147282e-04
-3.485194165786e-03
1.354664432415e-01
4.310685568086e-02
4.743314212656e-02
6.303574129485e-06
-1.403517276761e-03
2.658998263146e-02
-2.046030505924e-02
3.833118909955e-02
2.181015285881e-04
-1.159610158114e-03
1.820425103665e-01
-1.006179877900e-01
1.386129579479e-01
8.383827402593e-04
-3.197165072603e-03
3.425248092471e-01
-7.217678688165e-02
1.450868312007e-01
3.211701967758e-04
-3.584601943294e-03
1.403122166651e-01
3.959766376389e-02
3.773587547440e-02
9.947237451883e-05
-1.467936127083e-03
2.423199363326e-02
-1.417636157011e-02
3.700979053609e-02
1.283496066562e-04
-1.201394119505e-03
1.840862180643e-01
-1.045773672138e-01
1.259218007327e-01
9.329971574789e-04
-3.287500697801e-03
3.489280940710e-01
-6.220661572399e-02
1.205992579544e-01
1.623876142572e-04
-3.706691682853e-03
1.444232965045e-01
3.643329623216e-02
2.805376969575e-02
1.863860782447e-04
-1.546937998527e-03
2.402306588064e-02
-9.833818092108e-03
3.639366167702e-02
5.464950970088e-05
-1.262093137690e-03
1.892692740536e-01
-1.071033071243e-01
1.137991576975e-01
1.000553365500e-03
-3.408481345763e-03
3.562669148524e-01
-5.513216821440e-02
9.601426762568e-02
3.641843829832e-05
-3.855018999779e-03
1.479685685118e-01
3.407310202295e-02
1.837496676431e-02
2.607200477471e-04
-1.640522668069e-03
2.587672812752e-02
-7.517881116221e-03
3.582710271123e-02
-1.130365687812e-06
-1.337797432626e-03
1.974088368451e-01
-1.083703090701e-01
1.014465162242e-01
1.040391965765e-03
-3.560389511906e-03
3.646452705395e-01
-5.124938773987e-02
7.096594845811e-02
-5.321545600867e-05
-4.032907949586e-03
1.510513128007e-01
3.262719158068e-02
8.627324274946e-03
3.213584083019e-04
-1.748240619807e-03
2.965025318386e-02
-7.043808192077e-03
3.472588058701e-02
-4.156264367175e-05
-1.425710780463e-03
2.082898146742e-01
-1.089162376975e-01
8.812368166744e-02
1.058235908916e-03
-3.743726264967e-03
3.740738708610e-01
-5.028470267477e-02
4.505634479948e-02
-1.114711677902e-04
-4.243830633778e-03
1.537334737816e-01
3.191277620963e-02
-1.233521619474e-03
3.717331920179e-04
-1.870804536469e-03
3.518761092252e-02
-8.141312198686e-03
3.258084785276e-02
-7.114600534080e-05
-1.524559542067e-03
2.217295369413e-01
-1.093148527859e-01
7.309725894754e-02
1.061403740152e-03
-3.959302052541e-03
3.845233646131e-01
-5.173188668448e-02
1.784749396052e-02
-1.470068621212e-04
-4.491369024994e-03
1.560742403967e-01
3.165137480340e-02
-1.120989923152e-02
4.169746562392e-04
-2.010301990264e-03
4.233920088370e-02
-1.058335162827e-02
2.892192276214e-02
-9.444324256224e-05
-1.634293713859e-03
2.375936373315e-01
-1.099577223670e-01
5.558317209656e-02
1.055188425190e-03
-4.208253760915e-03
3.959418246045e-01
-5.508223276879e-02
-1.115844205484e-02
-1.686483642964e-04
-4.779062669780e-03
1.581500702352e-01
3.161318454299e-02
-2.129389704721e-02
4.616820390780e-04
-2.169555806262e-03
5.095848936258e-02
-1.421970434852e-02
2.328654624772e-02
-1.156169340440e-04
-1.755803527938e-03
2.557656903961e-01
-1.110037151983e-01
3.469993081715e-02
1.041692285208e-03
-4.491999642328e-03
4.082353421786e-01
-5.988883269879e-02
-4.253263602598e-02
-1.843361266736e-04
-5.110193292493e-03
1.600507952118e-01
3.166643780501e-02
-3.150358607675e-02
5.090269239690e-04
-2.351371361865e-03
6.088548233188e-02
-1.896247356087e-02
1.520705969631e-02
-1.387005381705e-04
-1.890847624623e-03
2.760811736595e-01
-1.124087932660e-01
9.447068154591e-03
1.019967857252e-03
-4.812151367325e-03
4.212204012550e-01
-6.575137467478e-02
-7.691162247158e-02
-2.013556890085e-04
-5.487489152892e-03
1.618575274805e-01
3.177537520434e-02
-4.190697873272e-02
5.605674597880e-04
-2.557879333471e-03
7.192517411957e-02
-2.476186929643e-02
4.215884614265e-03
-1.679849718264e-04
-2.042103497036e-03
2.982415612838e-01
-1.139723337601e-01
-2.127708239700e-02
9.865256043106e-04
-5.170469188339e-03
4.345622368707e-01
-7.228475187906e-02
-1.149557901112e-01
-2.268186441630e-04
-5.912794275450e-03
1.636091830732e-01
3.198063184193e-02
-5.262779785392e-02
6.162761669726e-04
-2.789975214356e-03
8.382576198134e-02
-3.158710101886e-02
-1.013653474300e-02
-2.082172063673e-04
-2.213207562799e-03
3.217290396314e-01
-1.153791728334e-01
-5.861010271963e-02
9.359549235910e-04
-5.568942928179e-03
4.477175681884e-01
-7.909323354757e-02
-1.572689650921e-01
-2.679437868566e-04
-6.386773519854e-03
1.652663328872e-01
3.237325251922e-02
-6.382823734314e-02
6.746606336926e-04
-3.046897907281e-03
9.625844914427e-02
-3.941461327289e-02
-2.825616029462e-02
-2.644842683445e-04
-2.408673080851e-03
3.457430039865e-01
-1.162351771429e-01
-1.036157902054e-01
8.617608027691e-04
-6.009989717143e-03
4.599011201989e-01
-8.575461872143e-02
-2.042827022178e-01
-3.319297421997e-04
-6.908695802330e-03
1.666840626232e-01
3.306449840804e-02
-7.566601588753e-02
7.330382020394e-04
-3.326036878312e-03
1.087989281895e-01
-4.822067734148e-02
-5.047524197388e-02
-3.417508232632e-04
-2.633618462858e-03
3.691741533346e-01
-1.160976015633e-01
-1.571448305161e-01
7.576055814381e-04
-6.496632996909e-03
4.700924466404e-01
-9.181422434669e-02
-2.561169707651e-01
-4.252641569052e-04
-7.476287740890e-03
1.676065508296e-01
3.415333936773e-02
-8.822889592808e-02
7.880445677992e-04
-3.623026552546e-03
1.209112583877e-01
-5.797386528376e-02
-7.701786558804e-02
-4.440967769199e-04
-2.893301003533e-03
3.906228626656e-01
-1.144992566731e-01
-2.196870981717e-01
6.190633747401e-04
-7.032455005691e-03
4.770935651311e-01
-9.678586994773e-02
-3.124346314520e-01
-5.523936871452e-04
-8.085603163201e-03
1.676927310020e-01
3.569560690483e-02
-1.014576349247e-01
8.363855184641e-04
-3.932087164825e-03
1.319376346464e-01
-6.862406836832e-02
-1.079601466321e-01
-5.737744162850e-04
-3.192508713964e-03
4.084606907817e-01
-1.109620857463e-01
-2.912358530935e-01
4.457821233629e-04
-7.621161324994e-03
4.796399988321e-01
-1.001535138147e-01
-3.723108547290e-01
-7.138781056940e-04
-8.730822669567e-03
1.665745494181e-01
3.767985272935e-02
-1.150742859165e-01
8.757297008890e-04
-4.246460949977e-03
1.411007171223e-01
-8.008733639421e-02
-1.431860169186e-01
-7.302707997122e-04
-3.534893524532e-03
4.209310254305e-01
-1.049942298565e-01
-3.711797921885e-01
2.436585729682e-04
-8.265742429566e-03
4.765589341475e-01
-1.013650956285e-01
-4.341412635066e-01
-9.044420016264e-04
-9.403894892943e-03
1.639397035164e-01
4.001404870283e-02
-1.285338514247e-01
9.055334628804e-04
-4.558743827871e-03
1.475265965512e-01
-9.222856172878e-02
-1.823443046439e-01
-9.096145084205e-04
-3.922333427259e-03
4.262852524225e-01
-9.606724861069e-02
-4.582387295500e-01
2.637620645480e-05
-8.967378217177e-03
4.669593287736e-01
-9.981248132695e-02
-4.956144467367e-01
-1.111590322412e-03
-1.009397712809e-02
1.596233423047e-01
4.252514508567e-02
-1.410136813672e-01
9.275329158862e-04
-4.860965002126e-03
1.502943882328e-01
-1.048463797887e-01
-2.248189687722e-01
-1.104175607733e-03
-4.354406666654e-03
4.229486265696e-01
-8.357693588518e-02
-5.504669494160e-01
-1.844064468653e-04
-9.724339923692e-03
4.504307891516e-01
-9.479866894609e-02
-5.537763598271e-01
-1.315496462892e-03
-1.078674065555e-02
1.536907380207e-01
4.497169419478e-02
-1.514499102250e-01
9.456785902841e-04
-5.144403982437e-03
