-5.616580803064e-16
1.662257603059e+00
1.745231227574e+00
-2.293906307796e+00
1.589487707165e+01
-1.009123667277e-01
-1.662257603059e+00
-1.589487707165e+01
2.293906307515e+00
1.745231227574e+00
-2.853348119680e+00
-1.662257603059e+00
-2.178452221253e+01
-1.571078565680e+01
2.282678496025e+00
1.745231227575e+00
2.954260473322e+00
-2.258320656668e+01
1.662257603059e+00
6.842419219304e-01
-4.724401877823e-01
-4.501670141963e-03
2.824574773493e-02
6.963230445788e-02
1.841484290805e-05
1.202226316580e-04
-1.872483439409e-02
1.676265007490e-03
1.958080161000e-01
4.402610011289e-05
4.253666083362e-04
-2.445465344959e-02
1.711093132520e-02
2.158359675927e-01
5.054289315323e-05
5.583761049874e-04
-8.332938799476e-03
-3.064717181263e-02
8.364130278612e-02
-2.569201395827e-05
2.399433451259e-04
3.240237525785e-04
2.973048870056e-02
7.281758624000e-02
3.584826969028e-05
1.417498873206e-04
-4.420554539246e-03
3.234144054054e-03
2.040849978105e-01
6.634786059752e-05
4.706251319924e-04
-8.970953641474e-03
1.933638365870e-02
2.259392511506e-01
6.545126445620e-05
6.190112086403e-04
-2.503050619664e-03
-3.153315530862e-02
8.706259612305e-02
-3.443497227365e-05
2.712268229410e-04
5.474068478767e-03
3.184158920284e-02
7.715667487367e-02
5.699958453045e-05
1.728596159447e-04
1.075531274651e-02
4.625094666112e-03
2.148928071545e-01
9.054223251250e-05
5.345764247022e-04
7.669824849366e-03
2.168560830854e-02
2.380329259729e-01
8.421526754045e-05
6.960999450815e-04
3.775176101218e-03
-3.287262098484e-02
9.109430627496e-02
-4.318378475999e-05
3.079798704282e-04
1.129567810982e-02
3.466588967702e-02
8.280624767665e-02
8.181419986349e-05
2.143940271907e-04
2.758474971185e-02
5.780143649163e-03
2.285701529024e-01
1.153188126703e-04
6.190340794214e-04
2.613109200904e-02
2.414647089130e-02
2.523181330711e-01
1.056440272445e-04
7.906203953422e-04
1.072007344712e-02
-3.472186599568e-02
9.579271530554e-02
-5.246035493327e-05
3.502387826422e-04
1.818722348552e-02
3.825476146947e-02
8.976801609372e-02
1.099847387012e-04
2.665229673735e-04
4.694566557533e-02
6.631182967172e-03
2.450635799047e-01
1.392318597434e-04
7.246132059810e-04
4.714134772539e-02
2.668989132363e-02
2.686163546879e-01
1.284322357596e-04
9.022317745726e-04
1.856959921630e-02
-3.710181020308e-02
1.010772117537e-01
-6.267490641168e-05
3.974014577489e-04
2.654228771952e-02
4.260420093799e-02
9.783806628546e-02
1.409154550184e-04
3.284961057324e-04
6.966767613603e-02
7.115122687000e-03
2.638067356994e-01
1.608176354335e-04
8.501956659111e-04
7.135269347411e-02
2.926266544109e-02
2.862503914203e-01
1.513341494943e-04
1.028713830305e-03
2.753047018142e-02
-3.998042963521e-02
1.066875205264e-01
-7.400191808973e-05
4.479985527371e-04
3.667232378589e-02
4.763204848304e-02
1.065677451696e-01
1.736711702084e-04
3.983425093075e-04
9.633961051518e-02
7.177565452105e-03
2.836313433258e-01
1.787035118481e-04
9.922162326958e-04
9.914872651279e-02
3.177756649117e-02
3.039556464938e-01
1.732253616777e-04
1.165241538003e-03
3.770640645167e-02
-4.325367892204e-02
1.121526091309e-01
-8.630294485050e-05
4.994402367422e-04
4.871145100279e-02
5.315417243404e-02
1.152467882414e-01
2.069091889256e-04
4.725392364319e-04
1.270800097241e-01
6.774764705047e-03
3.027358671340e-01
1.916767035838e-04
1.143804666750e-03
1.304121825421e-01
3.410016790115e-02
3.198496395394e-01
1.930214624418e-04
1.303542110993e-03
4.900954515956e-02
-4.672679838988e-02
1.167817610441e-01
-9.909767754400e-05
5.477549178231e-04
6.251263616500e-02
5.886318682638e-02
1.229213439771e-01
2.388000032222e-04
5.457181829306e-04
1.612953812177e-01
5.872740707342e-03
3.187422168010e-01
1.987213788550e-04
1.293935441627e-03
1.642777310706e-01
3.603323870506e-02
3.314928868813e-01
2.094674348960e-04
1.431099526700e-03
6.106560640171e-02
-5.009881823990e-02
1.196895547312e-01
-1.115567686234e-04
5.873691588520e-04
7.755098852794e-02
6.431508353581e-02
1.284588864167e-01
2.669568935381e-04
6.105755624280e-04
1.974651127244e-01
4.443200894780e-03
3.288685822370e-01
1.990403155567e-04
1.426956200744e-03
1.989116799592e-01
3.730117885944e-02
3.360722169604e-01
2.208546835244e-04
1.530786886772e-03
7.312996476174e-02
-5.295419762005e-02
1.198653671204e-01
-1.224840571667e-04
6.110612974766e-04
9.285382031687e-02
6.893087802036e-02
1.306686414527e-01
2.884311007293e-04
6.583072566949e-04
2.329992277325e-01
2.456921132410e-03
3.302380394878e-01
1.920416694960e-04
1.523203247504e-03
2.313711750210e-01
3.753896305738e-02
3.307275971708e-01
2.247798120305e-04
1.581607017998e-03
8.403595455475e-02
-5.476746601583e-02
1.162948496836e-01
-1.302988331294e-04
6.103587869433e-04
1.069842112635e-01
7.202318028663e-02
1.284812859359e-01
2.998644453959e-04
6.798887691350e-04
2.642338406164e-01
-1.237131528487e-04
3.203310010218e-01
1.772165722399e-04
1.561401392783e-03
2.576195948138e-01
3.629426721444e-02
3.130283152789e-01
2.181093192749e-04
1.561134758017e-03
9.220546593412e-02
-5.493111130069e-02
1.081367748776e-01
-1.330991542996e-04
5.766233016710e-04
1.181295928875e-01
7.285981649197e-02
1.211748084887e-01
2.978133605221e-04
6.678715111648e-04
2.866943804507e-01
-3.345143301112e-03
2.975465957786e-01
1.540134864227e-04
1.522285890078e-03
2.728434453235e-01
3.305656586407e-02
2.815609890762e-01
1.971915847062e-04
1.449034471970e-03
9.577748569474e-02
-5.282178946562e-02
9.494558821207e-02
-1.288625226084e-04
5.025362445955e-04
1.243380055541e-01
7.076036854948e-02
1.085856734602e-01
2.790790205685e-04
6.177450774027e-04
2.957216739812e-01
-7.233353955533e-03
2.617152456468e-01
1.222560339807e-04
1.391676348147e-03
2.721748957029e-01
2.732011479184e-02
2.364761031526e-01
1.580910450201e-04
1.230102495132e-03
9.289925313017e-02
-4.790639821848e-02
7.688804436963e-02
-1.156974441383e-04
3.833357053263e-04
1.238063537554e-01
6.518160818556e-02
9.121448045684e-02
2.410058820579e-04
5.290453937827e-04
2.871931431342e-01
-1.171942447767e-02
2.143258276169e-01
8.316299476961e-05
1.163088260131e-03
2.515554837048e-01
1.867200934186e-02
1.797482035165e-01
9.698091795661e-05
8.970178481511e-04
8.209121335909e-02
-3.985037741581e-02
5.485822596937e-02
-9.215598523332e-05
2.180117883001e-04
1.150767041845e-01
5.575800186265e-02
7.020090551993e-02
1.819628111087e-04
4.064248325001e-04
2.579804138194e-01
-1.654559946335e-02
1.583897311618e-01
4.004154391233e-05
8.394933946849e-04
2.083866923419e-01
6.913766611818e-03
1.150335160278e-01
1.136884306538e-05
4.519825310481e-04
6.255157509146e-02
-2.859639084372e-02
3.043492759956e-02
-5.779336963335e-05
1.021030239198e-05
9.717423843531e-02
4.232617746469e-02
4.718787644449e-02
1.019002383091e-04
2.582503984782e-04
2.062280705619e-01
-2.118027750711e-02
9.797906515814e-02
-1.230958265851e-06
4.289011798194e-04
1.420269871510e-01
-7.745855630233e-03
4.715506952132e-02
-9.799459685995e-05
-9.771252975845e-05
3.441249101141e-02
-1.443209622262e-02
5.688235465473e-03
-1.373804145793e-05
-2.331994634407e-04
6.956754962174e-02
2.496131204521e-02
2.407094063152e-02
3.394461849450e-06
9.254599098558e-05
1.310912739897e-01
-2.479301878898e-02
3.739764718887e-02
-3.239707831873e-05
-6.762486907648e-05
5.375077930393e-02
-2.434931147671e-02
-1.887909653259e-02
-2.241627376671e-04
-7.520625129277e-04
-1.200515850068e-03
1.955072953483e-03
-1.721372687249e-02
3.678174738593e-05
-5.063903987296e-04
3.135651682856e-02
3.977880826943e-03
2.419323458000e-03
-1.063870495020e-04
-9.132301279160e-05
3.029080615164e-02
-2.636536722804e-02
-2.075342806433e-02
-4.329858324260e-05
-6.844663681572e-04
-5.523247463588e-02
-4.046439099138e-02
-8.040964406039e-02
-3.505347088897e-04
-1.553457319616e-03
-4.277113595772e-02
1.948768135321e-02
-3.699461237695e-02
8.872094421624e-05
-8.172514193619e-04
-1.827390876162e-02
-1.822547495546e-02
-1.830737320493e-02
-2.103035422282e-04
-3.345668923217e-04
-1.000507309071e-01
-2.640787552177e-02
-8.130954407969e-02
-1.028300707390e-05
-1.584105781636e-03
-1.821803405459e-01
-4.884464886441e-02
-1.441208190914e-01
-4.551060268868e-04
-2.686907805854e-03
-8.695732977331e-02
3.479314549677e-02
-5.575809665700e-02
1.371796304238e-04
-1.221524677450e-03
-1.514049624715e-02
-8.705934585294e-03
-1.125822810145e-02
-1.873610395461e-04
1.674490829013e-04
-9.716898088995e-02
-3.141205857948e-02
-4.784115361598e-02
2.128044998767e-05
-2.796485587465e-04
-1.532600083757e-01
-2.704994119206e-02
-1.081210130717e-01
-3.812126807634e-04
-1.424519141425e-03
-6.393177624157e-02
1.747109134929e-02
-4.459114062281e-02
1.269199541892e-04
-6.982905610179e-04
-6.494164852749e-04
-4.267467242077e-03
2.888538521827e-02
-8.419664746668e-05
1.545219859788e-03
-4.337394939385e-02
3.581489147737e-03
1.036729540291e-01
4.917038070506e-05
3.841545264619e-03
-6.649310405953e-02
-2.190160486584e-02
8.057294443891e-02
-9.248291649433e-05
3.372691490009e-03
-2.394521505576e-02
9.930796227540e-03
1.500529202663e-02
1.060464469346e-04
1.221956360223e-03
-4.774367209412e-02
-2.855839091351e-02
3.228537951695e-02
-1.242884143353e-04
1.675211681806e-03
-1.520554096698e-01
5.426436739659e-02
1.114233395308e-01
2.741556885748e-04
4.325337170770e-03
-1.506344286554e-01
-2.383655775345e-02
1.324802865012e-01
6.175158220107e-05
4.691819932772e-03
-5.411568522780e-02
3.706783157733e-02
3.999674106437e-02
2.393196137249e-04
1.979995199577e-03
-9.979717944824e-02
-4.320075610162e-02
1.855890388230e-02
-1.333511081268e-04
1.155262077506e-03
-2.950976400515e-01
9.100485973073e-02
5.999972010405e-02
4.471511841277e-04
3.050183085196e-03
-2.808504289761e-01
-1.022211809332e-02
1.170146455570e-01
2.274409485932e-04
4.124692568690e-03
-1.002489928919e-01
6.090553708268e-02
4.328376445923e-02
3.439505108943e-04
1.946552566305e-03
-1.372268190676e-01
-4.422520630149e-02
8.907688375073e-03
-9.922109504912e-05
7.228352262387e-04
-4.110566946975e-01
1.127616146174e-01
2.606268959635e-02
4.724433478625e-04
1.892597163936e-03
-3.937458786212e-01
1.006000127107e-02
1.012733792682e-01
4.050298327974e-04
3.317097261369e-03
-1.393123689139e-01
7.302553095199e-02
4.212937933049e-02
3.730122637043e-04
1.685651628657e-03
-1.600454747043e-01
-3.943200103586e-02
1.086910295271e-02
-7.928501114222e-05
6.110501484504e-04
-4.864403856776e-01
1.220970810782e-01
2.885352219988e-02
3.835794060525e-04
1.361164139833e-03
-4.713981270403e-01
2.549439525608e-02
1.041457336063e-01
5.134262126127e-04
2.750924031231e-03
-1.658662575983e-01
7.583782266751e-02
4.409228748749e-02
3.549768135291e-04
1.438661493825e-03
-1.695592542912e-01
-3.554153365497e-02
2.385881305704e-02
-1.025433437495e-04
7.070476962312e-04
-5.193292229709e-01
1.200719735151e-01
6.427099065294e-02
2.384717039040e-04
1.299975822171e-03
-5.094615017937e-01
2.931231894344e-02
1.265061254765e-01
4.991718276617e-04
2.423432796955e-03
-1.787981674132e-01
7.298808165520e-02
5.147926122334e-02
3.135663436897e-04
1.266369420115e-03
-1.670417287690e-01
-3.552067775999e-02
4.268841769196e-02
-1.572957869484e-04
8.109517767305e-04
-5.125548192780e-01
1.071348754577e-01
1.173511503145e-01
8.835776107493e-05
1.359594097727e-03
-5.102380667292e-01
2.035488305831e-02
1.601475270629e-01
3.751955408675e-04
2.155182718934e-03
-1.789877005240e-01
6.733188082450e-02
6.275393670003e-02
2.566048511158e-04
1.129178892039e-03
-1.564634238582e-01
-3.760667901809e-02
5.964820096707e-02
-2.120291002969e-04
8.014400304299e-04
-4.755449538321e-01
8.438621651474e-02
1.676151222136e-01
-5.230699914763e-05
1.270349545783e-03
-4.829316064575e-01
3.595925352627e-03
1.935228872665e-01
2.336852807403e-04
1.770712080969e-03
-1.695950383187e-01
6.039412398822e-02
7.412883417253e-02
1.840266415236e-04
9.572923190832e-04
-1.358979394371e-01
-4.171533900733e-02
7.110186485680e-02
-1.941018666960e-04
6.077330898266e-04
-4.201581442615e-01
5.490880773948e-02
2.022903419400e-01
-9.283569867367e-05
9.544156894553e-04
-4.397495765344e-01
-1.562298723167e-02
2.181823622079e-01
1.372495569681e-04
1.221816890739e-03
-1.553736096144e-01
5.329516704838e-02
8.251528130828e-02
1.079210969476e-04
7.011064840431e-04
-1.146551947149e-01
-4.221879757931e-02
7.458580658711e-02
-1.271954935886e-04
3.608977855102e-04
-3.606749332546e-01
2.863916859879e-02
2.178629713688e-01
-8.914674958330e-05
4.905295778363e-04
-3.922986483888e-01
-2.738667130794e-02
2.318377265914e-01
1.689930381735e-04
5.124050618946e-04
-1.405982722776e-01
4.748900504987e-02
8.699726561217e-02
3.899193226775e-05
3.473044739116e-04
-9.493157460339e-02
-3.976664182883e-02
7.213487222614e-02
-3.055881031989e-05
8.782699526341e-05
-3.055087521387e-01
1.007887657829e-02
2.177125520264e-01
-5.273179915107e-05
-7.969075984299e-05
-3.469560550737e-01
-3.061795930651e-02
2.344639584278e-01
2.838334603673e-04
-2.999989548235e-04
-1.270113746230e-01
4.342570236371e-02
8.816788073437e-02
-1.998441284206e-05
-7.530584298447e-05
-8.043680508453e-02
-3.532778736457e-02
6.580652933440e-02
7.997466555256e-05
-2.399869650554e-04
-2.644424505472e-01
-1.302045274173e-03
2.066056677740e-01
-3.961696171576e-05
-8.186082700043e-04
-3.118572377981e-01
-2.737594161246e-02
2.294317928333e-01
4.282744621340e-04
-1.222682959722e-03
-1.166896216801e-01
4.089548855621e-02
8.780879729577e-02
-8.772097185757e-05
-5.417413342607e-04
-7.375977617809e-02
-3.155405852811e-02
6.028408888164e-02
1.913694292414e-04
-6.350214191673e-04
-2.451024538843e-01
-7.382191588460e-03
1.972316176235e-01
-7.833439913008e-05
-1.722759983514e-03
-2.933879559246e-01
-2.172195657716e-02
2.289347224770e-01
5.448811059812e-04
-2.193681410821e-03
-1.109883029267e-01
4.077433312199e-02
9.015899526019e-02
-1.687166353957e-04
-1.002251415268e-03
-6.380235888304e-02
-2.911899772487e-02
5.772453010546e-02
2.201637835949e-04
-7.943596753200e-04
-2.147680574041e-01
-8.024725871898e-03
1.950182388490e-01
-9.605563634270e-05
-2.067388452318e-03
-2.574005099067e-01
-1.841223040984e-02
2.374782337132e-01
5.166935111656e-04
-2.449474573627e-03
-9.766339820788e-02
4.234013660036e-02
9.637353831124e-02
-1.811100424544e-04
-1.110483961737e-03
-2.895188671716e-02
-1.711191196663e-02
3.557829821573e-02
9.272391607317e-05
-3.281629710985e-04
-1.075252709670e-01
-6.337961032677e-03
1.386040898632e-01
-4.725203718853e-05
-8.923215152648e-04
-1.367701977865e-01
-1.633303957262e-02
1.927597856767e-01
2.592464744252e-04
-1.000512262681e-03
-5.414712386686e-02
3.447478554848e-02
8.378254244224e-02
-4.820682766390e-05
-4.356590936311e-04
-7.058463140769e-03
-1.235949483424e-03
5.975855667272e-04
5.814899399785e-05
-1.225857055713e-04
-3.718511949736e-02
-6.222957952298e-03
4.548455662012e-02
-6.442424549832e-06
-3.143171135677e-04
-5.704472952141e-02
-9.625386986843e-03
1.015435945296e-01
1.351042620452e-04
-3.072680920649e-04
-2.561532334637e-02
2.117025113032e-02
5.287539516985e-02
-3.425392768872e-06
-1.304465792120e-04
1.148329092750e-02
1.892132069745e-02
-4.675441926992e-02
4.689785116928e-05
5.364445843721e-05
1.987509041963e-02
-6.580197857189e-03
-8.151336568389e-02
8.928426108559e-05
1.125500512897e-04
3.869775844436e-03
-6.956383044327e-04
-3.055812961191e-02
1.082724527932e-04
6.085781232958e-05
-3.644506859330e-03
1.651013534083e-03
4.170092232176e-03
1.848560261927e-05
-2.662234134972e-06
1.703730134667e-02
3.331565770083e-02
-8.217230277451e-02
3.572840878001e-05
1.442352632066e-04
4.124342396833e-02
-6.480281913840e-03
-1.774502124016e-01
1.070887957449e-04
3.567935020025e-04
3.056305036987e-02
6.235576663531e-03
-1.320374867262e-01
7.954018902546e-05
2.984662424624e-04
6.597729054519e-03
-1.306235931433e-02
-3.400864713785e-02
2.265364200054e-05
8.125572338246e-05
1.467453015624e-02
4.382762394701e-02
-1.089635058688e-01
2.293698176236e-05
1.947378580843e-04
4.003286471023e-02
-6.040658753890e-03
-2.517672445012e-01
9.845235099248e-05
5.034159770757e-04
3.395199926986e-02
1.197186488421e-02
-2.131563122622e-01
6.288965412736e-05
4.421887173787e-04
8.573743336118e-03
-2.463812601993e-02
-6.527593554683e-02
2.233751039505e-05
1.281141909764e-04
9.762433626009e-03
5.140751608122e-02
-1.282651174509e-01
-1.082725996982e-05
2.982811378278e-04
2.994050438230e-02
-5.067701605796e-03
-3.075120142676e-01
9.955854399004e-05
7.296912659887e-04
2.676050878053e-02
1.672038661467e-02
-2.766118524960e-01
4.677768712261e-05
6.525442157217e-04
6.674673478352e-03
-3.369698276474e-02
-9.023883487183e-02
4.174150485947e-05
2.124869167116e-04
5.968274475293e-04
5.483840145468e-02
-1.366379710477e-01
-3.865004583969e-05
3.441707773703e-04
7.252458981141e-03
-3.849713262704e-03
-3.351233461642e-01
7.565023227789e-05
8.310349152627e-04
6.283163739049e-03
2.013257268364e-02
-3.119414975778e-01
3.242280195625e-05
7.553062837851e-04
-4.518320132115e-05
-3.891084870781e-02
-1.048170752231e-01
5.175395567399e-05
2.551828148731e-04
-9.110272581988e-03
5.543181636864e-02
-1.370121981460e-01
-6.756938894851e-05
3.779506357623e-04
-1.829086535119e-02
-2.423157701020e-03
-3.418571552724e-01
4.785752066961e-05
8.960668843833e-04
-1.812823136466e-02
2.248464842565e-02
-3.261005248302e-01
1.463180691741e-05
8.275475168027e-04
-8.275120285743e-03
-4.140866809758e-02
-1.115086586517e-01
6.220228374371e-05
2.899119814403e-04
-1.839044303619e-02
5.374948982314e-02
-1.308684983420e-01
-8.969253350957e-05
3.861086307084e-04
-4.358195614772e-02
-9.072427642620e-04
-3.311590451984e-01
1.666180941709e-05
9.047655992364e-04
-4.316963277858e-02
2.385154074315e-02
-3.222171152693e-01
-2.149072970325e-06
8.496913232947e-04
-1.686134322510e-02
-4.167592185784e-02
-1.114774366306e-01
6.767344667001e-05
3.055638793682e-04
-2.632444490825e-02
5.049839575117e-02
-1.202252356043e-01
-1.034780162378e-04
3.705439370882e-04
-6.591008758084e-02
6.034883439374e-04
-3.080578819017e-01
-1.398833588770e-05
8.631964030214e-04
-6.599352505433e-02
2.437913309511e-02
-3.051001390880e-01
-1.682299323704e-05
8.253215207385e-04
-2.478672464772e-02
-4.034369959001e-02
-1.064862051858e-01
6.776428099093e-05
3.021101542969e-04
-3.237760800685e-02
4.634988356401e-02
-1.070764990299e-01
-1.096452133095e-04
3.402868324148e-04
-8.356761473890e-02
2.023211930214e-03
-2.776480400199e-01
-4.090829007762e-05
7.918943618648e-04
-8.473056725727e-02
2.423589147419e-02
-2.797323903601e-01
-2.854833151702e-05
7.726376017106e-04
-3.138807556255e-02
-3.803288305103e-02
-9.836877430550e-02
6.400273747433e-05
2.866125701371e-04
-3.649761106780e-02
4.183885076871e-02
-9.304813416711e-02
-1.095632853223e-04
3.019512842096e-04
-9.621878557040e-02
3.267178700731e-03
-2.441743495454e-01
-6.275356925901e-05
7.055725630142e-04
-9.887291726029e-02
2.357740688560e-02
-2.503018245587e-01
-3.686349084484e-05
7.044887039309e-04
-3.647655082988e-02
-3.524513611141e-02
-8.865290640160e-02
5.779109801289e-05
2.639919824501e-04
-3.893605255380e-02
3.737671877207e-02
-7.937243233746e-02
-1.048890575812e-04
2.611142880214e-04
-1.043908642995e-01
4.264571878736e-03
-2.109225083686e-01
-7.925928649465e-05
6.164605805577e-04
-1.087750415804e-01
2.254046994403e-02
-2.200874168171e-01
-4.147378063422e-05
6.317510425469e-04
-4.016449428031e-02
-3.237205666192e-02
-7.852690028426e-02
5.051198882044e-05
2.385823312260e-04
-4.011967815898e-02
3.326248638692e-02
-6.689102502835e-02
-9.734820116118e-05
2.220768415269e-04
-1.091364185703e-01
4.960587824944e-03
-1.801864231424e-01
-9.077007287547e-05
5.336735847901e-04
-1.153241954291e-01
2.124135346876e-02
-1.914133158528e-01
-4.244191975946e-05
5.626066295136e-04
-4.274704814884e-02
-2.970069012140e-02
-6.882671068045e-02
4.338019778260e-05
2.137543004220e-04
-4.055189390618e-02
2.968769959602e-02
-5.606603146483e-02
-8.836585229074e-05
1.872887739636e-04
-1.117562531930e-01
5.320532269169e-03
-1.532661542532e-01
-9.798842271870e-05
4.620674361444e-04
-1.196699962661e-01
1.976903595356e-02
-1.656365038651e-01
-3.993475137782e-05
5.012547470192e-04
-4.460701243044e-02
-2.741554072289e-02
-6.003673446961e-02
3.721334298912e-05
1.912557213612e-04
-4.071363872352e-02
2.676215671330e-02
-4.706313385728e-02
-7.914391643629e-05
1.582979682575e-04
-1.135148798231e-01
5.327664082417e-03
-1.306705292819e-01
-1.016152190361e-04
4.043161594586e-04
-1.229420423145e-01
1.819409218029e-02
-1.433511232389e-01
-3.438935319494e-05
4.500248526674e-04
-4.611771836363e-02
-2.562202553629e-02
-5.236824328076e-02
3.258379016897e-05
1.721260676497e-04
-4.100810562268e-02
2.452640136935e-02
-3.981139556332e-02
-7.055701522319e-05
1.357671013071e-04
-1.154768997097e-01
4.982038588882e-03
-1.122714266701e-01
-1.022396413570e-04
3.611181034325e-04
-1.260910587651e-01
1.657073401279e-02
-1.245412483167e-01
-2.637753385914e-05
4.095781344981e-04
-4.758883717038e-02
-2.435847128691e-02
-4.581673021050e-02
2.979294120887e-05
1.567313300227e-04
-4.172425474422e-02
2.296605286287e-02
-3.407316194333e-02
-6.316329088316e-05
1.196648584836e-04
-1.184021918284e-01
4.297853518472e-03
-9.749189547219e-02
-1.002888446612e-04
3.317264801334e-04
-1.297901858835e-01
1.494082379845e-02
-1.087652736259e-01
-1.654506870649e-05
3.794104448234e-04
-4.923290881149e-02
-2.361061427624e-02
-4.022939757493e-02
2.891529413801e-05
1.449522252984e-04
-4.302148415045e-02
2.202562042618e-02
-2.951233969195e-02
-5.725298633237e-05
1.094503280838e-04
-1.227041404927e-01
3.300466539584e-03
-8.549243834060e-02
-9.603800964669e-05
3.144397486645e-04
-1.343987636077e-01
1.333796855521e-02
-9.533481713496e-02
-5.570989413807e-06
3.582854196658e-04
-5.115371551907e-02
-2.332613356421e-02
-3.536994278714e-02
2.985838021364e-05
1.363530389407e-04
-4.493304637517e-02
2.162117710011e-02
-2.575488348433e-02
-5.290410676914e-05
1.042177474766e-04
-1.284614657734e-01
2.024021406893e-03
-7.533528310467e-02
-8.966331068032e-05
3.069768431411e-04
-1.399772899620e-01
1.179067427672e-02
-8.346872726515e-02
5.872818143586e-06
3.445311653109e-04
-5.335291531532e-02
-2.342819340078e-02
-3.097384772763e-02
3.241847241351e-05
1.302973824823e-04
-4.738441846086e-02
2.165232103593e-02
-2.243862883156e-02
-5.004195401156e-05
1.028233587640e-04
-1.354708937799e-01
5.094926226555e-04
-6.611738159234e-02
-8.130804431246e-05
3.067720896633e-04
-1.463398134936e-01
1.032464533708e-02
-7.241493831486e-02
1.715332164460e-05
3.362500159002e-04
-5.575018350821e-02
-2.382801744057e-02
-2.679143636517e-02
3.633102166576e-05
1.260290422736e-04
-5.022207803673e-02
2.201329853371e-02
-1.925031348430e-02
-4.849361792642e-05
1.040212041811e-04
-1.433256794553e-01
-1.196683681721e-03
-5.706785217595e-02
-7.114528546149e-05
3.112652060815e-04
-1.531287175978e-01
8.963927315283e-03
-6.153846621316e-02
2.770626528830e-05
3.315436115000e-04
-5.821154184749e-02
-2.443609444059e-02
-2.261759467193e-02
4.131182664394e-05
1.227598711578e-04
-5.324735047399e-02
2.260152032151e-02
-1.594701683753e-02
-4.801237141440e-05
1.065890066879e-04
-1.515047003134e-01
-3.041435815385e-03
-4.760565789307e-02
-5.946699778699e-05
3.181507885137e-04
-1.598976821437e-01
7.728715464278e-03
-5.037238470337e-02
3.710974155293e-05
3.287213857025e-04
-6.058051240436e-02
-2.517015537530e-02
-1.830627211123e-02
4.706632005879e-05
1.197522203716e-04
-5.624932734584e-02
2.332305220946e-02
-1.236215735295e-02
-4.828209119122e-05
1.094557744608e-04
-1.594584722656e-01
-4.961980548452e-03
-3.735959705079e-02
-4.677112125158e-05
3.255649337672e-04
-1.661904030357e-01
6.630646838613e-03
-3.863407881150e-02
4.517238642730e-05
3.264629411373e-04
-6.270654444904e-02
-2.595966260174e-02
-1.377063389514e-02
5.327858102162e-05
1.164088307677e-04
-5.903054768923e-02
2.409873911849e-02
-8.400363512866e-03
-4.899796635495e-05
1.118551876590e-04
-1.666817645346e-01
-6.889299545404e-03
-2.615706239102e-02
-3.364541835463e-05
3.322076049202e-04
-1.716057813941e-01
5.674349097918e-03
-2.621294468081e-02
5.182949616778e-05
3.239205377239e-04
-6.446506512782e-02
-2.675073292368e-02
-8.973694682965e-03
5.967692656698e-05
1.123917357809e-04
-6.142214997217e-02
2.486981510507e-02
-4.028504209984e-03
-5.001380073068e-05
1.134353045733e-04
-1.727657069405e-01
-8.755307919820e-03
-1.399146135020e-02
-2.049177687867e-05
3.374246740863e-04
-1.758432501795e-01
4.862320560800e-03
-1.313846356801e-02
5.688860265399e-05
3.207801338285e-04
-6.576648512438e-02
-2.751028093450e-02
-3.917122482559e-03
6.616145731815e-05
1.076980037732e-04
-6.329243521105e-02
2.558990015070e-02
7.316662262739e-04
-5.124816219105e-05
1.141600710983e-04
-1.774249865680e-01
-1.048114311247e-02
-9.777146225000e-04
-7.713812838602e-06
3.411849984175e-04
-1.787241259459e-01
4.179994754810e-03
4.637867263660e-04
6.024799253374e-05
3.172373344575e-04
-6.655850037968e-02
-2.821567264129e-02
1.365921536580e-03
7.267720508520e-05
1.025395383288e-04
-6.455376061567e-02
2.621215409268e-02
5.808710395336e-03
-5.240489630942e-05
1.140999279177e-04
-1.805006469198e-01
-1.196772108261e-02
1.269538640251e-02
3.796737743028e-06
3.438998891435e-04
-1.801889776893e-01
3.582605731331e-03
1.442028741491e-02
6.241105219490e-05
3.138648298604e-04
-6.682698847422e-02
-2.883881622889e-02
6.813364588740e-03
7.889793090353e-05
9.715236221530e-05
-6.516500273562e-02
2.669197284737e-02
1.109301449007e-02
-5.291642850856e-05
1.134400471179e-04
-1.819442238164e-01
-1.311302004197e-02
2.680874233824e-02
1.262543249180e-05
3.462127468979e-04
-1.802762372431e-01
3.010638285731e-03
2.855223798914e-02
6.452245771963e-05
3.114665683035e-04
-6.659344975951e-02
-2.934706223984e-02
1.234182856003e-02
8.415879252622e-05
9.185867991291e-05
-6.512564108806e-02
2.700278598915e-02
1.646265827722e-02
-5.219765308450e-05
1.126038667968e-04
-1.817887103951e-01
-1.384685260591e-02
4.114971666287e-02
1.740073733121e-05
3.487975925351e-04
-1.790883424014e-01
2.425379368548e-03
4.270775063007e-02
6.778334097437e-05
3.108908899959e-04
-6.590558284249e-02
-2.971947102198e-02
1.786851257778e-02
8.772756596880e-05
8.722825536306e-05
-6.446170686965e-02
2.715814429247e-02
2.181363195557e-02
-5.013650436127e-05
1.120829875984e-04
-1.801103365559e-01
-1.417766539288e-02
5.553519046476e-02
1.781861603090e-05
3.521587359289e-04
-1.767503299328e-01
1.857098971336e-03
5.677876343985e-02
7.241361244890e-05
3.128018453662e-04
-6.482109868816e-02
-2.997006854776e-02
2.333712151758e-02
8.931211467458e-05
8.391325637967e-05
-6.320749398410e-02
2.720660310665e-02
2.707201953249e-02
-4.719361762703e-05
1.121347604750e-04
-1.769902105688e-01
-1.418325505265e-02
6.981342809305e-02
1.482810043409e-05
3.565319617309e-04
-1.733696762698e-01
1.396559916166e-03
7.069769292432e-02
7.746435717657e-05
3.175559754718e-04
-6.338848198825e-02
-3.014344626539e-02
2.872509760496e-02
8.916582895540e-05
8.234451820949e-05
-6.139178473244e-02
2.719921298510e-02
3.218371956187e-02
-4.398197705664e-05
1.127185904852e-04
-1.724874736604e-01
-1.394959500116e-02
8.385078816732e-02
9.781448658091e-06
3.618644027825e-04
-1.690085194787e-01
1.134403796336e-03
8.441971802899e-02
8.166888922811e-05
3.251737036038e-04
-6.163349974699e-02
-3.028279472375e-02
3.402819010609e-02
8.767122289238e-05
8.267374619158e-05
-5.903355310065e-02
2.716798283094e-02
3.709864258561e-02
-4.092818418652e-05
1.136000047164e-04
-1.666291726499e-01
-1.353354106125e-02
9.751418660705e-02
3.775903509470e-06
3.678082471426e-04
-1.636733596590e-01
1.124591266988e-03
9.790068770268e-02
8.410395408707e-05
3.353319501631e-04
-5.955638176725e-02
-3.040919809603e-02
3.924000520945e-02
8.501286434233e-05
8.488393807086e-05
-5.614519401138e-02
2.712464555146e-02
4.176119036570e-02
-3.821847738972e-05
1.144453387567e-04
-1.594160753004e-01
-1.296269531045e-02
1.106560776887e-01
-2.436616312337e-06
3.737486798769e-04
-1.573216084904e-01
1.385248184588e-03
1.110769854832e-01
8.428795964615e-05
3.473949841467e-04
-5.713747076278e-02
-3.052166783390e-02
4.433888881544e-02
8.114784026700e-05
8.888093682744e-05
-5.274004230630e-02
2.706781469626e-02
4.610797720556e-02
-3.586729973826e-05
1.148814631647e-04
-1.508414125293e-01
-1.224719565750e-02
1.231067988455e-01
-8.312014688478e-06
3.789003249241e-04
-1.498822110375e-01
1.911572208134e-03
1.238521882419e-01
8.206056377804e-05
3.605194030847e-04
-5.434766167540e-02
-3.060590610334e-02
4.928345761759e-02
7.591382058638e-05
9.453370678369e-05
-4.884176667473e-02
2.699064970721e-02
5.007126328095e-02
-3.378479705194e-05
1.145542728436e-04
-1.409177372053e-01
-1.138904012849e-02
1.346786173980e-01
-1.339415042960e-05
3.824706083191e-04
-1.412857641176e-01
2.686208864391e-03
1.360951870968e-01
7.749292368837e-05
3.738315264868e-04
-5.116064807736e-02
-3.064361584919e-02
5.401531429549e-02
6.914988998891e-05
1.016945181782e-04
-4.449333381284e-02
2.688734459903e-02
5.358732014877e-02
-3.181485125021e-05
1.132030364374e-04
-1.297051369388e-01
-1.038736415057e-02
1.451839343234e-01
-1.725798321298e-05
3.838625323143e-04
-1.314974221805e-01
3.685292658446e-03
1.476529335502e-01
7.087523342538e-05
3.866440989792e-04
-4.756417544259e-02
-3.062020098960e-02
5.846779923242e-02
6.079445306505e-05
1.102199157106e-04
-3.976310621199e-02
2.675865725463e-02
5.660897341683e-02
-2.974881316628e-05
1.107470662156e-04
-1.173330059408e-01
-9.241679548482e-03
1.544668996352e-01
-1.948851772613e-05
3.828808693720e-04
-1.205444826486e-01
4.882045120146e-03
1.583779939144e-01
6.274805960851e-05
3.986667133569e-04
-4.356773168579e-02
-3.053059055126e-02
6.257924430425e-02
5.095117184115e-05
1.200002227628e-04
-3.474588617934e-02
2.661662923984e-02
5.912080541786e-02
-2.732238530581e-05
1.073712605147e-04
-1.040081082991e-01
-7.954579948854e-03
1.624442294105e-01
-1.966826461671e-05
3.799068901255e-04
-1.085307356002e-01
6.249560708364e-03
1.681673956129e-01
5.393084452008e-05
4.101678467233e-04
-3.920491178387e-02
-3.038311018501e-02
6.630834077421e-02
3.991264931269e-05
1.310001967661e-04
-2.955740144034e-02
2.648834843152e-02
6.115465754969e-02
-2.420253662015e-05
1.035934906542e-04
-9.000375665761e-02
-6.534310161104e-03
1.691481842124e-01
-1.736628576992e-05
3.760124011412e-04
-9.563176879450e-02
7.763509909577e-03
1.770057616783e-01
4.550763909051e-05
4.220611284989e-04
-3.452983411049e-02
-3.020146609448e-02
6.964878528115e-02
2.813353554301e-05
1.433080669824e-04
-2.432168830495e-02
2.641850030613e-02
6.280252869633e-02
-1.997470283151e-05
1.002971926737e-04
-7.562823725080e-02
-4.996923381733e-03
1.747629980227e-01
-1.214122211054e-05
3.729924923395e-04
-8.206912836413e-02
9.404742592632e-03
1.850034501821e-01
3.874535803738e-05
4.359065475055e-04
-2.960799608371e-02
-3.002516010460e-02
7.264053323224e-02
1.615591562830e-05
1.571822181941e-04
-1.915195615021e-02
2.647046698728e-02
6.422381705874e-02
-1.414375586481e-05
9.871709273769e-05
-6.117460714004e-02
-3.367651279456e-03
1.796457585753e-01
-3.577964768479e-06
3.733077301355e-04
-6.806568038301e-02
1.116127051896e-02
1.924200463393e-01
3.494176219117e-05
4.538310807897e-04
-2.450263906471e-02
-2.990874496452e-02
7.537546550605e-02
4.503593022105e-06
1.730786983794e-04
-1.412677251972e-02
2.672575004629e-02
6.564410456893e-02
-6.159670792312e-06
1.003742190273e-04
-4.685806015897e-02
-1.681379220983e-03
1.843238711359e-01
8.632009929132e-06
3.799399200690e-04
-5.378864710449e-02
1.302892086924e-02
1.996651133866e-01
3.522520577256e-05
4.783803327201e-04
-1.925818183767e-02
-2.992014560046e-02
7.799574288817e-02
-6.429047175092e-06
1.916431217911e-04
-9.264702980416e-03
2.728147943457e-02
6.734333907553e-02
4.530565111355e-06
1.069657560487e-04
-3.275056257059e-02
1.759102307668e-05
1.894636553640e-01
2.457889853340e-05
3.961788517677e-04
-3.928987318762e-02
1.501014214524e-02
2.072710024065e-01
4.034997866805e-05
5.123160457526e-04
-1.388280711017e-02
-3.013793798465e-02
8.068353380880e-02
-1.646591616823e-05
2.136576142474e-04
